Timestamp,Price,Volume,Market Cap,Price Change (%),Hourly Volume,Volume Change (%),Token,Market Cap Change (%)
2024-03-20 22:06:48,0.7961245889087818,53024.008308384495,36993420.78330895,1.3037100041948024,-2681.3116916661165,,Aura,1.5002356642596304
2024-03-20 23:07:17,0.7945312356506327,52558.71857835196,36886710.44962946,-0.20013868185293493,-465.28973003253486,-82.64693614402536,Aura,-0.2884575998109318
2024-03-21 00:06:50,0.7900361442579599,50906.193198245775,36639430.57828425,-0.5657538924812466,-1652.5253801061845,255.16051041802137,Aura,-0.6703765891048707
2024-03-21 01:03:55,0.7952402322174101,51265.2449030334,36929446.90379927,0.6587151736378027,359.0517047876274,-121.72745478587181,Aura,0.791541574030119
2024-03-21 02:07:59,0.7949658197163038,48138.94341357167,36868053.66476229,-0.03450686848943674,-3126.30148946173,-970.710665838749,Aura,-0.16624467514206875
2024-03-21 03:08:37,0.7907409478593392,69686.59834901484,36729185.08385595,-0.5314532715975373,21547.654935443163,-789.2379064551808,Aura,-0.37666371588003233
2024-03-21 04:09:06,0.7879646670258145,69598.88501589863,36439977.91554124,-0.35109865513359706,-87.71333311620401,-100.40706672433262,Aura,-0.7874042608199017
2024-03-21 05:09:08,0.7965164840268959,80598.9959143225,36970775.10229486,1.0853046283611167,11000.110898423867,-12640.979241834017,Aura,1.4566342163649937
2024-03-21 06:09:24,0.7892167768614562,92324.55123319014,36436807.50498796,-0.916453998357325,11725.555318867642,6.594882789297318,Aura,-1.4442964634348576
2024-03-21 07:01:26,0.7913649356778101,96782.0542100732,36664323.7566931,0.2721886912866456,4457.502976883057,-61.9847175194298,Aura,0.624413243871591
2024-03-21 08:01:17,0.7896136387420457,97354.4494585641,36705132.269844,-0.22130080027672472,572.395248490895,-87.15883642794229,Aura,0.11130305694906362
2024-03-21 09:00:58,0.7965150352006468,93229.1842727856,36936705.43625894,0.8740219418696737,-4125.265185778495,-820.702206500604,Aura,0.6309013265842323
2024-03-21 10:03:10,0.7933640057835326,87258.02803702785,36793766.4934529,-0.39560200094910236,-5971.1562357577495,44.74599733231233,Aura,-0.3869834656821558
2024-03-21 11:03:06,0.7953015358364675,88181.80051781486,36801111.672314,0.24421703515793425,923.7724807870109,-115.47057963841374,Aura,0.019963106692033605
2024-03-21 12:05:45,0.7949419982218127,88960.10966592665,36975582.42411886,-0.0452077103405335,778.3091481117881,-15.746662268104682,Aura,0.4740909822463779
2024-03-21 13:05:18,0.7881250877273857,93386.5523567046,36550801.69264141,-0.8575355824293585,4426.442690777956,468.7255124158182,Aura,-1.1488141731078594
2024-03-21 14:04:27,0.7885122268245036,109955.1862783543,36668648.35152894,0.04912152945597548,16568.6339216497,274.31036792069546,Aura,0.32241880733154815
2024-03-21 15:04:50,0.7898703743433974,110116.69235736605,36649608.95870999,0.17224178303021365,161.50607901174226,-99.02522996298019,Aura,-0.051922810561289
2024-03-21 16:04:55,0.7791572114804525,123601.5628808352,36220899.59625563,-1.3563191139875919,13484.870523469159,8249.450748840696,Aura,-1.1697515325125418
2024-03-21 17:04:33,0.7915197769209146,139696.77829788963,36708236.8681649,1.5866586689190054,16095.215417054424,19.357582181024302,Aura,1.3454587747446345
2024-03-21 18:03:16,0.7778318924133614,128953.43325083324,36272315.21773243,-1.7293168037822548,-10743.345047056384,-166.74868753650094,Aura,-1.1875308857738132
2024-03-21 19:03:36,0.7734978234609494,138138.80112390112,35725654.02846651,-0.5571986691063402,9185.36787306788,-185.49821152383652,Aura,-1.5071031060037599
2024-03-21 20:08:43,0.7719313708600446,137926.91623265736,35778744.30369089,-0.2025154503856097,-211.88489124376792,-102.30676543576473,Aura,0.14860546760622206
2024-03-21 21:06:59,0.7789286446044259,139027.5814701692,36074549.71113312,0.9064631920044031,1100.6652375118574,-619.4637668834874,Aura,0.8267629655513531
2024-03-21 22:03:46,0.7854823988481292,139721.0566756603,36428241.96365272,0.8413805666412033,693.4752054910932,-36.99490255013869,Aura,0.9804481423934419
2024-03-21 23:02:59,0.7831155678219256,129265.9384498724,36318475.66788841,-0.30132196847114656,-10455.118225787912,-1607.641245570415,Aura,-0.30132196847114656
2024-03-22 00:03:13,0.782570621127604,128230.86070022496,36351450.69904736,-0.06958700819053032,-1035.077749647433,-90.09979870821185,Aura,0.09079409461036914
2024-03-22 01:06:45,0.7842564809084638,124114.2601562679,36608065.94655297,0.21542589708141158,-4116.600543957058,297.7093068959554,Aura,0.7059284913554675
2024-03-22 02:03:14,0.7821152995653282,123854.37455031884,36272086.322776,-0.27302054815732113,-259.8856059490645,-93.68688792672482,Aura,-0.9177748539556663
2024-03-22 03:02:54,0.7811555705408776,104653.8959523202,36227577.06174927,-0.12270940422518528,-19200.478597998634,7288.05003373745,Aura,-0.12270940422518528
2024-03-22 04:03:00,0.7908438300110676,105153.30083307988,36440846.12933015,1.2402471204912224,499.40488075967005,-102.60100225216118,Aura,0.5886926062357523
2024-03-22 05:03:36,0.7851532142035781,93433.4042284774,36412975.39892764,-0.7195625218963775,-11719.896604602473,-2446.7725399028427,Aura,-0.07648211653373815
2024-03-22 06:03:51,0.7946900851736526,74679.51153735004,36648000.82918094,1.2146509493371038,-18753.89269112736,60.01756093788912,Aura,0.6454441793851018
2024-03-22 07:03:06,0.8089414175070427,168741.64779312318,37516198.62466757,1.7933195089852028,94062.13625577313,-601.5605976047565,Aura,2.3690181615454664
2024-03-22 08:06:24,0.8087128908713902,168584.38666152165,37526670.61090792,-0.02825008470412893,-157.26113160152454,-100.1671885605212,Aura,0.0279132391453496
2024-03-22 09:05:10,0.8019096340100345,167874.0543956957,37190086.27505837,-0.841245012679992,-710.3322658259422,351.689656936855,Aura,-0.8969203245856816
2024-03-22 10:05:35,0.7962698428631527,165652.30621624293,36965288.98024272,-0.7032950980622843,-2221.748179452785,212.77590591628788,Aura,-0.6044548892762514
2024-03-22 11:04:57,0.7946605138177383,163529.7795024366,36853894.52235224,-0.20210850126231028,-2122.526713806321,-4.465918620484799,Aura,-0.3013488084727789
2024-03-22 12:02:52,0.7814371536327595,166980.21227630423,36289015.644045725,-1.6640263301180847,3450.432773867622,-262.5625134149653,Aura,-1.5327521979092595
2024-03-22 13:03:14,0.7882057542945836,160736.50873635002,36492117.831981584,0.8661733871186073,-6243.703539954207,-280.95421499708226,Aura,0.5596795182543968
2024-03-22 14:02:51,0.7835878531349201,143409.8477142811,36340378.79860512,-0.585875088389376,-17326.661022068933,177.5061453701886,Aura,-0.4158131738889681
2024-03-22 15:07:42,0.7687536155817984,146005.68867935892,35652412.78469586,-1.893117343993267,2595.840965077834,-114.98177266682552,Aura,-1.8931173439933002
2024-03-22 16:05:34,0.7743555413865935,132845.34504731998,35873013.05432982,0.7287023685157434,-13160.343632038945,-606.9780394518253,Aura,0.6187527081719768
2024-03-22 17:05:01,0.7688696416814957,118082.0591304749,35627445.32099095,-0.7084471424165795,-14763.285916845081,12.180094453641498,Aura,-0.6845472750419801
2024-03-22 18:05:35,0.774604903690764,118968.76566460202,35780882.93742483,0.7459342518356449,886.7065341271227,-106.00615973382578,Aura,0.43067251960240416
2024-03-22 19:09:07,0.7703524396758951,108655.69523372006,35739907.863741346,-0.5489849076099507,-10313.070430881955,-1263.07594835017,Aura,-0.11451666454163067
2024-03-22 20:03:49,0.7808187594272519,110030.57545349796,35974945.82338745,1.3586404368058025,1374.8802197779005,-113.33143440639068,Aura,0.6576344867541106
2024-03-22 21:01:14,0.765963429272435,107802.79138098792,35542158.12110085,-1.9025324347629158,-2227.7840725100396,-262.03477513626007,Aura,-1.2030253065878016
2024-03-22 22:01:24,0.7643039583886507,107694.56361284795,35446051.45931799,-0.21665145101777972,-108.22776813997189,-95.14190942131874,Aura,-0.2704018744596248
2024-03-22 23:08:07,0.7653244904466865,115382.49352815436,35472734.14316153,0.1335243716632517,7687.929915306406,-7203.472655338823,Aura,0.07527688626802753
2024-03-23 00:00:45,0.7552879482556915,120610.04496645876,34828525.875812165,-1.3114100380006266,5227.5514383044065,-32.003133536681574,Aura,-1.8160660093170522
2024-03-23 01:01:11,0.7649607263717629,122425.12335212098,35114950.76037503,1.2806742300615737,1815.0783856622147,-65.27861261464798,Aura,0.8223858959295782
2024-03-23 02:08:39,0.7654424808619389,127571.7337955763,35498852.606993385,0.062977676313003,5146.610443455327,183.5475582823181,Aura,1.093271778275029
2024-03-23 03:03:23,0.7597294252276777,127471.7598995556,35233898.773143165,-0.7463729512148132,-99.97389602070325,-101.94251920014337,Aura,-0.7463729512148354
2024-03-23 04:03:42,0.7493761544831103,124125.36346176684,34753746.1276461,-1.3627576345966452,-3346.3964377887605,3247.2702085109963,Aura,-1.3627576345966452
2024-03-23 05:03:25,0.7526157076745792,137029.48822572126,34967244.29812855,0.4323000100935115,12904.124763954416,-485.61255379775724,Aura,0.6143169996647213
2024-03-23 06:08:03,0.7442833150876453,136617.12801257422,34830920.295500614,-1.1071244596633778,-412.36021314703976,-103.19556901913178,Aura,-0.38986201333353065
2024-03-23 07:08:08,0.7654538858422905,95004.74440624908,35540334.88999706,2.844423665758522,-41612.38360632514,9991.270272839576,Aura,2.0367380146084857
2024-03-23 08:07:45,0.7735469912688792,96477.46709115758,35903035.39625886,1.0572949692042144,1472.7226849084982,-103.5391452189839,Aura,1.0205320444627741
2024-03-23 09:04:11,0.7719580639775313,95588.307685151,35780847.99695236,-0.20540798545948258,-889.1594060065836,-160.37520947549118,Aura,-0.3403260976625688
2024-03-23 10:05:24,0.7685802462007932,99117.61426226728,35644372.449521445,-0.43756493187385725,3529.30657711628,-496.9261926798026,Aura,-0.3814206623681482
2024-03-23 11:05:48,0.7729815789567673,102571.22465267226,35919774.96839777,0.5726575432728698,3453.6103904049814,-2.1447892116288836,Aura,0.7726395499495498
2024-03-23 12:04:57,0.7720753680740632,98301.27948169742,35663404.88992198,-0.11723576698000615,-4269.945170974839,-223.63714166594605,Aura,-0.713729634167648
2024-03-23 13:05:06,0.7738471547539663,98515.8335815272,35785880.737858124,0.22948364281103473,214.55409982978017,-105.02475069910082,Aura,0.3434216343452867
2024-03-23 14:03:04,0.7712874858367853,98528.94691634952,35769925.84277142,-0.33077189745496227,13.11333482232294,-93.88809869737908,Aura,-0.044584329790786636
2024-03-23 15:03:15,0.7858312344041171,100215.74909968796,35958966.439703934,1.8856456035394986,1686.802183338441,12763.25870721293,Aura,0.5284903238643945
2024-03-23 16:03:00,0.7841657135647168,100171.24188798458,36367178.17639986,-0.21194383303728692,-44.50721170338511,-102.63855549530405,Aura,1.1352154333479358
2024-03-23 17:03:36,0.7900401661655361,101086.12964784272,36639617.10190662,0.7491340795958479,914.8877598581457,-2155.5944190693067,Aura,0.7491340795958701
2024-03-23 18:02:51,0.7897001064882637,120761.3680250443,36570870.06557848,-0.04304334030544865,19675.238377201575,2050.5630789346487,Aura,-0.1876303350467068
2024-03-23 19:00:44,0.7896235788582211,121516.43324323517,36609617.33169136,-0.009690720491728477,755.0652181908663,-96.16235796631675,Aura,0.10595117382605768
2024-03-23 20:03:11,0.7839478611105876,121341.68024663234,36269990.7991557,-0.7187877742760085,-174.75299660282326,-123.14409303894713,Aura,-0.9276975759090034
2024-03-23 21:02:03,0.7840714256101141,121389.57344815678,36362805.39296186,0.01576182622036182,47.893201524435426,-127.40622619095143,Aura,0.2558991379957076
2024-03-23 22:03:23,0.782287124582845,121056.33779256158,36262834.60471264,-0.22756868430457988,-333.2356555951992,-795.7890577124608,Aura,-0.2749259502089041
2024-03-23 23:02:35,0.7813453147299385,116807.94823969224,36411625.08833861,-0.12039183866264791,-4248.389552869339,1174.8904511077008,Aura,0.4103112325549718
2024-03-24 00:02:46,0.7783312346854018,105373.23135655778,36162870.68203612,-0.3857551824673733,-11434.71688313446,169.1541521989554,Aura,-0.683173040750007
2024-03-24 01:06:16,0.7750464049167709,102968.71223556576,35944252.87284658,-0.4220349411980906,-2404.519120992016,-78.97176514673012,Aura,-0.6045366561513998
2024-03-24 02:04:35,0.7770222211537001,104170.85566936996,36034550.6115338,0.25492876612225324,1202.1434338042018,-149.99517048166544,Aura,0.25121606785554196
2024-03-24 03:03:13,0.777601788317717,104178.87861370727,36062763.64403136,0.07458823547623616,8.022944337310037,-99.33261338774516,Aura,0.07829439251709758
2024-03-24 04:04:07,0.7719844055220808,103370.2261651311,35711823.89902314,-0.722398389513601,-808.6524485761765,-10179.247899248228,Aura,-0.973136026046928
2024-03-24 05:07:19,0.7682887922770453,91623.44007022578,35645335.39082615,-0.47871604900312503,-11746.786094905314,1352.6371762786723,Aura,-0.18618065653825955
2024-03-24 06:06:29,0.7717224640590366,91783.23412380838,35790801.74823274,0.44692462216122664,159.794053582591,-101.36032147254215,Aura,0.40809367007392794
2024-03-24 07:07:17,0.7727974634915566,48723.95701315469,35890011.816521175,0.13929870939171085,-43059.27711065368,-27046.73308878675,Aura,0.27719431653507876
2024-03-24 08:07:50,0.7727173210112961,47648.70735955271,35831804.87811554,-0.010370437798601362,-1075.2496536019826,-97.50286180876003,Aura,-0.1621814411853717
2024-03-24 09:06:22,0.7787410571935593,49049.36702529676,36007165.42071983,0.779552369083647,1400.659665744046,-230.26367049289166,Aura,0.4893991335373382
2024-03-24 10:07:07,0.7779754354655696,45584.67837122817,36101414.385842666,-0.09831531558756046,-3464.688654068588,-347.36120692303274,Aura,0.26175058220105907
2024-03-24 11:07:43,0.7779350171606276,45120.17907487765,36120661.74285836,-0.005195318913608915,-464.49929635052104,-86.5933322520897,Aura,0.05331468958522656
2024-03-24 12:02:08,0.7833712502628095,50008.44375161888,36117407.46685075,0.698802982545188,4888.26467674123,-1152.3728916593325,Aura,-0.009009458438979934
2024-03-24 13:02:09,0.7844229459012148,50893.57395749295,36324087.809133805,0.1342525192304933,885.1302058740694,-81.8927520417298,Aura,0.5722457861150554
2024-03-24 14:07:05,0.7878441481257477,51459.48673449888,36567563.3713577,0.43614254815076414,565.9127770059349,-36.06445997997617,Aura,0.6702867901411613
2024-03-24 15:06:55,0.7936074727696404,51825.23428574371,36805057.73854394,0.731531059487267,365.7475512448291,-35.37033159422845,Aura,0.649467301866391
2024-03-24 16:05:03,0.7833224280177836,53918.87976707254,36328069.2033749,-1.295986379256564,2093.645481328829,472.42911789923545,Aura,-1.295986379256564
2024-03-24 17:00:44,0.7765519752068176,53420.28196149446,36211249.82975549,-0.8643251576619382,-498.5978055780797,-123.8148153555406,Aura,-0.32156780192588164
2024-03-24 18:08:13,0.7709134369019638,33550.39230584088,35960778.19739127,-0.7260992805217081,-19869.889655653576,3885.15385213463,Aura,-0.6916956292361998
2024-03-24 19:07:51,0.7759759712277617,32947.38661480742,35870640.20250003,0.6566929675194899,-603.0056910334606,-96.96522878846542,Aura,-0.2506564079243989
2024-03-24 20:03:26,0.7803734666314238,39687.890724921046,36195398.14106553,0.5667050999922374,6740.504110113623,-1217.8176608186595,Aura,0.905358635173914
2024-03-24 21:01:37,0.7850272254561845,39888.12114362787,36379870.13417347,0.596350212270691,200.2304187068221,-97.02944445347357,Aura,0.5096559302621539
2024-03-24 22:01:44,0.7883637648727526,45989.3335979109,36538102.47203169,0.42502212768853465,6101.212454283035,2947.09568790167,Aura,0.43494475729199955
2024-03-24 23:04:44,0.7871854944109588,46293.34140258437,36769564.32753513,-0.1494577141028297,304.0078046734634,-95.01725588231155,Aura,0.6334807771712025
2024-03-25 00:08:09,0.7882877205555137,46469.107268652246,36655073.02020157,0.1400211452549316,175.76586606787896,-42.183765230412384,Aura,-0.3113752078041876
2024-03-25 01:08:34,0.7857352286949848,45088.389272127744,36409927.62626911,-0.3238020577981504,-1380.7179965245014,-885.5438757325512,Aura,-0.6687898119786984
2024-03-25 02:03:43,0.7885960842866716,41390.54460972243,36422225.092711724,0.3640991885317746,-3697.8446624053176,167.82041457512778,Aura,0.03377503676700311
2024-03-25 03:03:27,0.7910227279537284,41511.71493989458,36690694.2096233,0.3077169308102645,121.17033017214999,-103.27678259187158,Aura,0.7371024593588071
2024-03-25 04:04:34,0.8006489529423902,47548.26962053403,37131619.78995509,1.2169340587170785,6036.554680639456,4881.87524294368,Aura,1.2017368159148667
2024-03-25 05:03:34,0.7989968102060064,54946.84935537997,36900632.50665898,-0.2063504523814319,7398.579734845938,22.562953973974476,Aura,-0.6220770453935209
2024-03-25 06:03:28,0.7993488291542985,54774.71338983818,37052101.91219657,0.044057616225190444,-172.13596554179094,-102.32660823713317,Aura,0.4104791578037448
2024-03-25 07:03:17,0.7904180802857368,54577.32918712604,36657143.588855706,-1.1172530118059187,-197.38420271214272,14.66761294822032,Aura,-1.065953894536964
2024-03-25 08:01:02,0.7911890603800422,54570.90399042971,36739966.88160691,0.09754079689405781,-6.425196696327475,-96.74482729213253,Aura,0.22594038880972
2024-03-25 09:00:41,0.7872322981837089,53420.02896812582,36570003.15714931,-0.5001032489545199,-1150.8750223038878,17811.903350160577,Aura,-0.4626126229381189
2024-03-25 10:00:50,0.7872044909640568,52511.61730116597,36507239.61629158,-0.0035322762691913923,-908.4116669598516,-21.06773981927761,Aura,-0.17162574634740357
2024-03-25 11:00:45,0.7876399382748012,50726.763917688106,36657093.50440527,0.055315653777721074,-1784.8533834778646,96.48067593089912,Aura,0.4104771812076802
2024-03-25 12:00:35,0.7891168150178763,52050.13199369613,36596794.93418689,0.18750658407571397,1323.3680760080242,-174.14435764070345,Aura,-0.16449359306440758
2024-03-25 13:01:33,0.7865576935142027,50821.3670111082,36565233.97927645,-0.32430198609006977,-1228.764982587927,-192.85133931101996,Aura,-0.08623966925846993
2024-03-25 14:01:57,0.7895792086890894,50819.21460626889,36618239.3211803,0.3841441257013356,-2.1524048393112025,-99.82483185394997,Aura,0.14496103575842856
2024-03-25 15:01:17,0.7928958245225968,57257.60750966884,37274280.70575324,0.42004852673538373,6438.392903399945,-299225.5541620281,Aura,1.791569984615493
2024-03-25 16:03:22,0.8089198463447534,56726.94556701501,37559261.09439498,2.0209491999538143,-530.6619426538236,-108.2421490986298,Aura,0.7645496660053874
2024-03-25 17:02:28,0.8271198838742961,61642.35638235274,38285962.15061029,2.249918531704065,4915.410815337724,-1026.2791280557844,Aura,1.934811908011036
2024-03-25 18:08:58,0.8301607640791434,62675.75738710583,38523857.59374239,0.36764685073262804,1033.40100475309,-78.9763044519385,Aura,0.6213646719815058
2024-03-25 19:09:03,0.8115341435055251,103564.32654637731,37807349.46786374,-2.2437365603853676,40888.56915927149,3856.6991875570097,Aura,-1.8599075238899254
2024-03-25 20:08:49,0.8116965665686003,110762.08104563694,37640292.2073074,0.02001432279530313,7197.754499259623,-82.3966584127155,Aura,-0.44186451287292483
2024-03-25 21:09:03,0.8122470837236406,110806.61839175678,37669505.19011816,0.06782302373995464,44.537346119846916,-99.38123277024205,Aura,0.07761093524425444
2024-03-25 22:08:18,0.8018266081860682,103897.87282561504,37287835.36317952,-1.2829194153337053,-6908.745566141748,-15612.252453369789,Aura,-1.013206372136688
2024-03-25 23:07:34,0.801979282169354,104017.84663987775,37312295.50484642,0.019040772871226075,119.9738142627175,-101.73654990061702,Aura,0.06559818082401137
2024-03-26 00:07:07,0.8021705102485824,103999.81054167471,37163268.25987908,0.023844516121562798,-18.036098203039728,-115.03336233317086,Aura,-0.39940519057043433
2024-03-26 01:06:56,0.8005968492706403,103873.6634484643,37242184.43643356,-0.1961753714250114,-126.147093210413,599.4145396100844,Aura,0.21234993650887102
2024-03-26 02:07:21,0.8033074888599149,104033.03523925909,37264666.03016693,0.3385773491044741,159.37179079478665,-226.33806038554926,Aura,0.06036593737337448
2024-03-26 03:01:51,0.8043055733648202,105425.82731361718,37270006.770759456,0.12424688164203168,1392.7920743580908,773.9263500850689,Aura,0.014331915891041547
2024-03-26 04:01:12,0.8091411113670399,99789.3107540134,37382936.83611948,0.6012065764992913,-5636.516559603784,-504.69188929018986,Aura,0.30300521825670224
2024-03-26 05:09:43,0.8086788796031374,91072.55671794617,37493165.0386495,-0.05712622401814471,-8716.754036067228,54.64789190080845,Aura,0.29486234057329863
2024-03-26 06:02:20,0.8179349166736077,98551.46971293738,37962049.36215272,1.1445874628273733,7478.912994991217,-185.79928909369005,Aura,1.250586134885845
2024-03-26 07:01:53,0.8203581822022732,99341.26117027955,38045672.82723383,0.2962663017884726,789.7914573421731,-89.43975604648546,Aura,0.22028174581238957
2024-03-26 08:08:04,0.8185497680036349,99097.92362105752,37643487.06898549,-0.2204420261627149,-243.3375492220366,-130.81035467779336,Aura,-1.0571130127588257
2024-03-26 09:07:24,0.8203814255639649,102664.8549321872,37982310.48412096,0.22376862494228877,3566.9313111296797,-1565.836786198165,Aura,0.9000850917836978
2024-03-26 10:05:42,0.8212788347364975,104303.90177541252,38078043.45313721,0.10938926023535966,1639.0468432253256,-54.04882515928728,Aura,0.25204619675855966
2024-03-26 11:11:47,0.8174741361704023,103964.21849368408,38000736.54591452,-0.46326514274728225,-339.68328172844485,-120.724440130095,Aura,-0.2030222674592741
2024-03-26 12:09:25,0.8135483509047916,96780.52856743206,37912546.951593705,-0.4802335746060038,-7183.689926252016,2014.8199845746071,Aura,-0.23207338156265855
2024-03-26 13:09:51,0.8160688718706803,97018.84170478958,37781572.66716639,0.3098182133963512,238.3131373575161,-103.31741959639191,Aura,-0.34546421952220685
2024-03-26 14:03:29,0.8077263453174249,96735.29375949664,37601298.98306734,-1.022282167696431,-283.54794529294304,-218.98124813302502,Aura,-0.4771471153071194
2024-03-26 15:04:21,0.8061489727753686,96590.21474931952,37209591.18635937,-0.19528551361495117,-145.07901017711265,-48.83439905472544,Aura,-1.0417400656407283
2024-03-26 16:05:16,0.8055353576447706,96378.747339283,37378377.09515545,-0.0761168408471069,-211.46741003652278,45.760168737271556,Aura,0.4536086084653279
2024-03-26 17:04:56,0.8067730137817432,83726.76910522828,37415634.772828326,0.15364392453129927,-12651.978234054724,5882.9447156276165,Aura,0.0996770875793418
2024-03-26 18:09:38,0.8102042658337525,113068.69960644128,37671692.25260771,0.42530575433172846,29341.930501213006,-331.9157522910902,Aura,0.6843595767760169
2024-03-26 19:09:57,0.8079517621603892,92285.64962480984,37650273.90231241,-0.2780167629758523,-20783.04998163144,-170.83054736556022,Aura,-0.056855291107382744
2024-03-26 20:05:42,0.8271511727107462,84810.99069694574,37973452.66771981,2.376306538278916,-7474.658927864104,-64.0348315840534,Aura,0.8583702903355306
2024-03-26 21:04:52,0.812943250073071,147028.73829726514,38355512.39966049,-1.7176935856976328,62217.7476003194,-932.3824297638986,Aura,1.0061232390002228
2024-03-26 22:02:48,0.8061621921713212,145450.1276203879,37387306.75751734,-0.8341366880332934,-1578.6106768772297,-102.53723533519417,Aura,-2.5242933324799544
2024-03-26 23:03:07,0.8092481322366518,145677.73334574734,37555415.14080669,0.3827939458459273,227.60572535943356,-114.41810376005297,Aura,0.4496402599407645
2024-03-27 00:11:41,0.8069630017885668,145217.08665144522,37459506.4370659,-0.28237698142956624,-460.64669430212234,-302.3880082869936,Aura,-0.2553791600524158
2024-03-27 01:06:26,0.8012008432069282,149740.58524643554,37180935.06860313,-0.7140548660678703,4523.49859499032,-1081.9887238838,Aura,-0.7436600077227018
2024-03-27 02:04:05,0.7932540540453709,149224.22994737604,36788667.27222534,-0.9918598100507658,-516.3552990595053,-111.41495433714421,Aura,-1.055024021461548
2024-03-27 03:03:58,0.8092558901200881,162790.55725502927,37435090.25295984,2.017239747230093,13566.327307653235,-2727.3241181727153,Aura,1.7571253015260302
2024-03-27 04:02:18,0.816911949116546,163951.64839639695,37885847.20555966,0.946061572109369,1161.0911413676804,-91.44137455158797,Aura,1.204102753737013
2024-03-27 05:02:27,0.8151603939983618,163545.28980355783,37668866.00478964,-0.21441173924293677,-406.3585928391258,-134.99799269508378,Aura,-0.572723633690253
2024-03-27 06:05:59,0.8154663385817177,157599.92313676482,37933619.76985842,0.03753182632624252,-5945.366666793008,1363.0837815571265,Aura,0.7028450631752836
2024-03-27 07:06:21,0.8019868667562801,161151.01738213716,37193668.09073225,-1.6529770988317538,3551.09424537234,-159.72876770084622,Aura,-1.950648748037831
2024-03-27 08:05:54,0.7908406180540932,158825.1752909896,36676739.582460456,-1.3898293306558784,-2325.842091147555,-165.49649010804234,Aura,-1.3898293306558784
2024-03-27 09:04:36,0.7882923769111876,155170.37718610503,36558560.0470926,-0.32221930496889595,-3654.7981048845686,57.13870338812708,Aura,-0.32221930496888485
2024-03-27 10:08:11,0.7927954003221827,156738.16095618333,36699062.75367203,0.5712377212931496,1567.7837700782984,-142.89659032007773,Aura,0.38432232122502796
2024-03-27 11:04:12,0.8058091287504277,157301.77296222164,37360446.418269984,1.6414989823296589,563.6120060383109,-64.05039924541616,Aura,1.8021813500721517
2024-03-27 12:03:54,0.8080937663280796,157728.78491548513,37481582.69622178,0.2835209351865764,427.01195326348534,-24.236540618607826,Aura,0.32423669834029667
2024-03-27 13:04:35,0.8086755069237536,157964.62531039809,37503866.5150201,0.07198924430729114,235.84039491295698,-44.7696034945811,Aura,0.059452715694874314
2024-03-27 14:04:11,0.8043051184535547,156893.2159405899,37139375.21659225,-0.5404378434588741,-1071.4093698081851,-554.2942570137811,Aura,-0.9718765884628833
2024-03-27 15:12:48,0.8117771271438996,190069.1422428124,37639078.85779138,0.9290017580282806,33175.926302222506,-3196.4752817274693,Aura,1.345482088174399
2024-03-27 16:06:56,0.8119386617468831,226236.7230202848,37530398.508494176,0.019898885738722782,36167.58077747238,9.017546180916902,Aura,-0.28874338213169537
2024-03-27 17:06:57,0.8189185939585256,218125.9612993294,37807988.17478272,0.859662501675329,-8110.761720955372,-122.42550247100658,Aura,0.739639538401704
2024-03-27 18:10:30,0.8052193736280131,199879.22877905823,37434749.961566925,-1.6728427503755472,-18246.73252027118,124.96940667271734,Aura,-0.9871940593356943
2024-03-27 19:10:01,0.8142118335005865,232810.74577583288,37620805.53153864,1.1167714249169958,32931.51699677465,-280.4789814296309,Aura,0.49701298970270535
2024-03-27 20:07:57,0.8251823360235957,228112.88280582865,38263141.72091382,1.3473769443810735,-4697.862970004237,-114.2655528758798,Aura,1.707396160979835
2024-03-27 21:07:25,0.8306794897395582,170557.39832662485,38370353.23936252,0.6661744290906935,-57555.48447920379,1125.1418325032987,Aura,0.28019528357261514
2024-03-27 22:02:21,0.8317010966602281,170665.9341959516,38622209.5789559,0.12298448839638265,108.53586932673352,-100.18857606761343,Aura,0.6563826452736787
2024-03-27 23:03:47,0.8199800537728519,173103.7098006793,38028136.40128654,-1.4092854914395492,2437.775604727707,2146.0552625133464,Aura,-1.5381646574489483
2024-03-28 00:03:30,0.8189776678392013,172997.16617813765,37881740.40576028,-0.12224516060340695,-106.5436225416488,-104.37052624265428,Aura,-0.38496757764155953
2024-03-28 01:03:26,0.819453154959511,170655.40143631955,38003700.46549614,0.05805861856578165,-2341.7647418181004,2097.939854074968,Aura,0.3219494628005748
2024-03-28 02:03:35,0.8138595095535384,169373.55590244028,37744284.50836399,-0.682607098663135,-1281.84553387927,-45.261558046857,Aura,-0.6826070986631239
2024-03-28 03:03:23,0.8073471735584236,167958.6376074041,37384976.6354854,-0.8001793821500347,-1414.9182950361865,10.381341405012833,Aura,-0.9519530640432872
2024-03-28 04:05:40,0.8073983298840672,177275.77689990538,37444634.997801706,0.006336347895818939,9317.139292501291,-758.4930963991109,Aura,0.15957843948384287
2024-03-28 05:05:32,0.8095716124177545,181934.97460354547,37645258.74364421,0.26917104646468903,4659.197703640093,-49.993259117742795,Aura,0.5357876925607075
2024-03-28 06:08:31,0.808369457402467,183765.46259229825,37898511.99664235,-0.14849273329845536,1830.4879887527786,-60.7123778558984,Aura,0.6727361198995752
2024-03-28 07:03:11,0.8187424616800708,183242.5938765116,37921157.21159756,1.2832009154496449,-522.8687157866661,-128.56444396245004,Aura,0.059752253484823825
2024-03-28 08:03:01,0.8195221924849252,184049.8948951981,38031527.83304471,0.09523517361667011,807.3010186864994,-254.39841671764572,Aura,0.29105288330544266
2024-03-28 09:09:07,0.8245119656928914,185984.48380876644,38249802.06349331,0.608863707868168,1934.5889135683537,139.63662485103535,Aura,0.5739296917200098
2024-03-28 10:09:23,0.8317036418286184,205619.1499276985,38379491.09193723,0.8722342955548745,19634.666118932073,914.9270463209616,Aura,0.33905803807465773
2024-03-28 11:03:05,0.8275977557247981,204529.58136550945,38347899.58716767,-0.4936717716893635,-1089.5685621890589,-105.5492085049436,Aura,-0.08231350617411426
2024-03-28 12:02:45,0.8301580786673992,205243.6093635288,38270778.20188194,0.30936803838463867,714.0279980193591,-165.53309473107421,Aura,-0.20110980292527003
2024-03-28 13:03:56,0.8294164214304832,208107.38245251743,38465765.92015835,-0.08933927838256084,2863.773088988615,301.0729406875402,Aura,0.5094950440982293
2024-03-28 14:04:12,0.8407390360951126,210297.83402060744,39009308.153386645,1.3651302737774929,2190.4515680900076,-23.511692441261168,Aura,1.413054492029353
2024-03-28 15:13:52,0.8290880608586283,134207.60956233737,38553109.48443303,-1.3858016264592932,-76090.22445827007,-3573.723206974072,Aura,-1.169461060831467
2024-03-28 16:05:05,0.8255866361074861,133768.83971840056,38248661.821940586,-0.42232241862415476,-438.7698439368105,-99.42335582913486,Aura,-0.7896838064783807
2024-03-28 17:02:49,0.8228250471921744,133145.71713261242,38160078.38854948,-0.3345001959251803,-623.1225857881363,42.015818634490174,Aura,-0.2315987780265205
2024-03-28 18:04:23,0.8219458544682583,132999.7553225813,38100473.59002572,-0.10685050569574361,-145.96181003111997,-76.57574715471036,Aura,-0.15619674026047248
2024-03-28 19:02:45,0.8263704735569317,73788.70288298448,38211036.51117976,0.538310287060928,-59211.052439596824,40466.126459361294,Aura,0.2901877870173708
2024-03-28 20:04:56,0.8250956079152139,73714.60790245619,38281381.04639442,-0.15427289363697527,-74.09498052828712,-99.87486292258717,Aura,0.18409481039354247
2024-03-28 21:04:12,0.8256227437930089,73243.91008365875,38269668.264540896,0.0638878540545118,-470.6978187974455,535.2627606370015,Aura,-0.030596549898065373
2024-03-28 22:04:32,0.8250990472456259,72739.18092946359,38231460.7549519,-0.06343048944813523,-504.7291541951563,7.2299751642476595,Aura,-0.0998375771769977
2024-03-28 23:05:46,0.8235662142954662,77699.20399995054,38210245.22335537,-0.18577562963824068,4960.023070486946,-1082.709841359615,Aura,-0.055492338450047196
2024-03-29 00:05:56,0.8168324544359993,83769.19130814212,38179621.38334797,-0.817634300992709,6069.987308191587,22.378207156114517,Aura,-0.08014562541639458
2024-03-29 01:06:14,0.8128307920758511,82685.17851347037,37696575.77645048,-0.4899000203060333,-1084.0127946717548,-117.85856773059236,Aura,-1.265192239722357
2024-03-29 02:06:11,0.8150608904568671,82887.6235794959,37768465.5699452,0.2743619462693747,202.44506602553884,-118.67552366730507,Aura,0.19070642893679324
2024-03-29 03:05:32,0.8147546960193567,70056.66588192541,37935269.27531385,-0.03756706291462297,-12830.957697570499,-6437.994770369877,Aura,0.44164808617848106
2024-03-29 04:07:38,0.8180748001983178,60163.86039856391,37914521.22857995,0.40749739709167176,-9892.805483361495,-22.898931501935614,Aura,-0.05469328972812493
2024-03-29 05:05:58,0.819332175204947,57566.94606863565,37998089.79900836,0.1536992713043306,-2596.914329928266,-73.74946536353148,Aura,0.22041309693610067
2024-03-29 06:06:06,0.8239283384006485,58162.75669246068,38257081.89061999,0.5609645678264386,595.810623825033,-122.94302191483885,Aura,0.6815923984115457
2024-03-29 07:05:51,0.83190576419946,59654.12975304787,38581213.93128087,0.9682184028645846,1491.3730605871897,150.30991408188612,Aura,0.8472471622054112
2024-03-29 08:05:42,0.8137170043154225,58371.57833089115,38412978.94108699,-2.186396664956458,-1282.551422156721,-185.99802799520526,Aura,-0.4360541648418148
2024-03-29 09:09:53,0.8189573938654456,59151.89981938705,37904630.8145806,0.6440063956180797,780.3214884959016,-160.84134133068315,Aura,-1.3233759539608592
2024-03-29 10:07:51,0.8115744103735426,57584.07943861495,38061342.77786925,-0.9015100843104529,-1567.8203807721002,-300.9198008623512,Aura,0.4134375138891144
2024-03-29 11:12:53,0.8052322225171025,64799.3181969421,37391879.20100418,-0.7814672044084037,7215.238758327148,-560.2082513287575,Aura,-1.7589068803277486
2024-03-29 12:01:56,0.8064174575334219,65217.086785203566,37520355.21816884,0.1471917023656122,417.7685882614678,-94.2099131816072,Aura,0.34359336815896757
2024-03-29 13:02:44,0.8057914977336794,61932.64499034212,37370115.09709465,-0.07762230267894799,-3284.4417948614428,-886.1868716672919,Aura,-0.4004229709462903
2024-03-29 14:08:45,0.7992431316421199,62738.44958100501,37073067.65494384,-0.8126625944772425,805.8045906628831,-124.53398906089845,Aura,-0.7948796555189208
2024-03-29 15:03:33,0.7999818263926607,58848.98509650464,37218397.4927408,0.09242428508871026,-3889.464484500364,-582.6808545854466,Aura,0.39200920503696945
2024-03-29 16:06:05,0.7902540598544654,63936.04640364716,36649536.82902748,-1.215998441122157,5087.061307142518,-230.79078951394501,Aura,-1.528439433278328
2024-03-29 17:09:33,0.7962480786412537,64320.36931107978,36947052.97076155,0.7584926280406856,384.32290743262274,-92.44508992071687,Aura,0.8117869077636675
2024-03-29 18:09:08,0.7960317176581251,65589.43705441672,37043973.69497244,-0.027172559524135664,1269.0677433369347,230.20871740761905,Aura,0.2623232881052484
2024-03-29 19:05:29,0.7922458412356252,65177.83894613806,36741909.48333264,-0.4755936652420911,-411.5981082786602,-132.43310772334254,Aura,-0.8154206514858764
2024-03-29 20:10:52,0.7936712855733767,65342.34707791727,36808017.17882968,0.17992449610442218,164.50813177921373,-139.96814573983377,Aura,0.1799244961044444
2024-03-29 21:02:54,0.7943555308131984,64199.68318629526,36841642.77380845,0.0862126742215974,-1142.6638916220109,-794.5941694575799,Aura,0.09135399718871451
2024-03-29 22:07:36,0.7932499120498928,60193.13352484325,36788870.42545685,-0.139184372792589,-4006.549661452009,250.6323855009292,Aura,-0.14324102938513272
2024-03-29 23:09:07,0.8109890292816573,73891.3070955091,36987240.68144232,2.23625832947445,13698.173570665844,-441.89451593372996,Aura,0.5392126849543155
2024-03-30 00:09:48,0.8232946564060547,109250.26826860986,38204455.36503857,1.5173604919535455,35358.96117310076,158.12901983386115,Aura,3.290904271772188
2024-03-30 01:00:05,0.8236336768043395,109238.67298920958,38163559.379329085,0.04117850099558673,-11.59527940028056,-100.03279304316526,Aura,-0.10704506926934032
2024-03-30 02:09:49,0.8077473621030822,181252.8320732644,37461188.17004088,-1.9288082977490073,72014.15908405483,-621164.4573369432,Aura,-1.840423746398856
2024-03-30 03:09:52,0.8066436236063618,241229.5439950513,37446798.25963584,-0.13664402367674633,59976.71192178689,-16.715389466976692,Aura,-0.038412851027902484
2024-03-30 04:03:56,0.7984907173210858,245193.0438374872,36946333.25151181,-1.0107197338058427,3963.4998424359073,-93.39160198110802,Aura,-1.3364694216420836
2024-03-30 05:03:49,0.809074764011011,246449.8526832488,37522382.822707765,1.3255065413201539,1256.8088457616104,-68.29042776019907,Aura,1.5591522094344334
2024-03-30 06:05:40,0.8114467892864203,247228.0458115047,37667570.83872768,0.29317751349084986,778.1931282558944,-38.081822794275524,Aura,0.3869370895391411
2024-03-30 07:03:02,0.8023593519918991,242672.73321973137,37210942.80282117,-1.1199055088396692,-4555.312591773341,-685.3704467916364,Aura,-1.212257721267862
2024-03-30 08:09:25,0.7964557508370584,250586.4334741149,36937152.05761694,-0.7357801887875604,7913.700254383526,-273.72463678289074,Aura,-0.7357801887875492
2024-03-30 09:04:09,0.801296515333959,277928.18798205286,37098605.07365578,0.6077882533728873,27341.754507937963,245.49899072551966,Aura,0.43710196115551714
2024-03-30 10:08:37,0.8044541431259554,260022.3231507119,37306621.91679473,0.39406483512292034,-17905.864831340965,-165.4890849310437,Aura,0.5607133818804177
2024-03-30 11:06:27,0.8072580409841528,254176.99329352632,37343080.91741655,0.34854663651826545,-5845.32985718557,-67.35522181003857,Aura,0.09772796020806052
2024-03-30 12:03:56,0.8126360725835546,256313.17861207292,37467632.5997906,0.6662097280375701,2136.1853185466025,-136.54516290334965,Aura,0.3335334935258727
2024-03-30 13:03:45,0.813254056176597,256467.6206362008,37683058.07693263,0.07604678328856362,154.44202412787126,-92.77019541390028,Aura,0.5749642082890194
2024-03-30 14:03:30,0.8115676743591344,254032.07918281585,37637996.28710659,-0.20736223873151216,-2435.54145338494,-1676.9939996178878,Aura,-0.11958103223481675
2024-03-30 15:03:24,0.8095877442303122,253948.97029750125,37573381.32203231,-0.2439636510147669,-83.1088853146066,-96.58766287064829,Aura,-0.171674827165047
2024-03-30 16:03:35,0.8092738153421366,251940.05640058545,37550536.42303662,-0.03877638840420472,-2008.9138969157939,2317.207124498302,Aura,-0.06080075359705672
2024-03-30 17:03:45,0.8057337986243226,258989.17440943955,37326502.80285847,-0.43743126871309546,7049.1180088541005,-450.8919929159897,Aura,-0.5966189607898853
2024-03-30 18:03:41,0.8036895057057105,257485.46512580372,37257261.08539445,-0.2537181538248001,-1503.7092836358352,-121.33187842432329,Aura,-0.18550282577964872
2024-03-30 19:09:39,0.8012875038590359,256714.9851492017,37210732.57455798,-0.2988718690018821,-770.4799766020151,-48.761373957932676,Aura,-0.1248844103967306
2024-03-30 20:02:48,0.8080797029425968,263743.4253973984,37480806.96073397,0.8476606774533879,7028.440248196712,-1012.2158215186419,Aura,0.7257970147049653
2024-03-30 21:11:02,0.8028361329967066,263893.6348598441,37232336.20893884,-0.6488926682350571,150.20946244569495,-97.86283361398378,Aura,-0.6629279675206545
2024-03-30 22:10:46,0.800984966641377,262600.25490454264,37152383.915363885,-0.23057835581214992,-1293.3799553014687,-961.0509179933073,Aura,-0.2147388579816223
2024-03-30 23:12:08,0.8007212905523203,245853.1094268024,37181611.81902448,-0.032918981009377735,-16747.14547774024,1194.8357061739614,Aura,0.07867033169979276
2024-03-31 00:07:18,0.8031162536700717,208215.7452636126,37315305.925800696,0.29910071656760184,-37637.364163189806,124.73898141755657,Aura,0.35957049798418517
2024-03-31 01:03:19,0.806556358818102,208947.77497450303,37405586.98633467,0.4283446054428319,732.0297108904342,-101.94495477344392,Aura,0.24194109707551537
2024-03-31 02:03:46,0.8067314761345099,136654.81311102258,37586428.36889964,0.021711727208328924,-72292.96186348045,-9975.686845489367,Aura,0.48346088682165167
2024-03-31 03:00:30,0.81685107323387,78916.62455860179,37889752.81043917,1.2543947272081857,-57738.18855242079,-20.133043294788777,Aura,0.8070052268932981
2024-03-31 04:01:12,0.8325799359252904,72873.99353149525,38495102.079875976,1.9255483902531623,-6042.631027106545,-89.53442915580835,Aura,1.597659590088485
2024-03-31 05:08:25,0.8338482209711713,71047.20423798167,38673853.59553707,0.1523319252789035,-1826.789293513575,-69.76831308549522,Aura,0.4643487249109901
2024-03-31 06:05:32,0.8326953214894315,70898.81314390615,38388267.43812634,-0.138262510220033,-148.39109407551587,-91.87694527210053,Aura,-0.738447635442474
2024-03-31 07:06:46,0.8348456228126064,71196.83830779878,38717555.47254986,0.25823386629921785,298.02516389262746,-300.83763500049616,Aura,0.8577830061079483
2024-03-31 08:05:32,0.8375331185202516,71415.99998981673,38817170.992408805,0.3219152899899047,219.1616820179479,-26.46202114097067,Aura,0.2572877307028598
2024-03-31 09:04:57,0.8455161319668263,107893.54872285025,39243166.997408494,0.9531579432559001,36477.548733033516,16544.12701945144,Aura,1.097442173421137
2024-03-31 10:05:01,0.8372683124997411,115161.46965458116,38847979.10126339,-0.9754774811805422,7267.920931730914,-80.0756323158601,Aura,-1.0070234549907853
2024-03-31 11:09:24,0.837740917763462,114741.08369006329,38883522.69160568,0.05644609459898309,-420.3859645178745,-105.78412958075145,Aura,0.09149405236663632
2024-03-31 12:02:31,0.8369477531723687,113795.9255438499,38821499.04036218,-0.09467898419129872,-945.1581462133909,124.83104242011471,Aura,-0.1595113995597197
2024-03-31 13:03:38,0.83982137386336,114074.29320650974,38948315.40236313,0.3433452900851952,278.36766265984625,-129.45196671848802,Aura,0.3266652889140076
2024-03-31 14:01:39,0.8415478091305058,115978.61450154954,39129922.2092526,0.20557172285384784,1904.321295039801,584.102915131634,Aura,0.46627641019476584
2024-03-31 15:01:27,0.8420949887974148,115883.13190311732,39027663.39940248,0.06502062758317884,-95.48259843222331,-105.01399625582759,Aura,-0.2613314928235355
2024-03-31 16:09:46,0.8357248395113953,121453.97680391753,38754621.06774201,-0.756464457188688,5570.844900800206,-5934.408564775889,Aura,-0.6996122951717476
2024-03-31 17:08:47,0.8361213790367845,121115.04685073363,38792177.27530363,0.04744857477505526,-338.9299531838915,-106.0839955019248,Aura,0.09690768875270095
2024-03-31 18:09:21,0.8352271820135703,121026.51464187818,38748878.24379577,-0.1069458389216571,-88.53220885545306,-73.87890682904069,Aura,-0.11161794606313613
2024-03-31 19:00:50,0.8435337123180039,122260.70905717505,39028730.535583936,0.9945234641918876,1234.1944152968645,-1494.0626030374315,Aura,0.7222203699096097
2024-03-31 20:11:45,0.8407224183431224,111813.54391971146,38972256.32007299,-0.3332758292678206,-10447.165137463584,-946.4764552471822,Aura,-0.14469908381840035
2024-03-31 21:12:08,0.8379856090494732,111393.1757751538,38866081.32981419,-0.3255306667143354,-420.3681445576658,-95.97624677099988,Aura,-0.27243737028415094
2024-03-31 22:12:07,0.838841340753943,113955.79492067244,38857696.957271285,0.10211770885188987,2562.619145518649,-709.6130686151721,Aura,-0.021572466932684442
2024-03-31 23:03:36,0.8388759664894676,114172.56907256234,38935595.01659421,0.004127805085696323,216.77415188989835,-91.54091421392134,Aura,0.20047008809755962
2024-04-01 00:03:41,0.8403577916054281,114603.74263013931,38973525.65223044,0.17664412561033682,431.1735575769708,98.90450674947995,Aura,0.09741891865289176
2024-04-01 01:03:28,0.8386734392287212,114237.39426225568,38895077.74778245,-0.20043276727275128,-366.34836788363464,-184.9654069563939,Aura,-0.20128511120087733
2024-04-01 02:03:25,0.830629133562927,114606.55031999416,38529131.17440502,-0.9591701953971521,369.15605773848074,-200.7663988981488,Aura,-0.9408557446534127
2024-04-01 03:03:01,0.8441431932709448,168644.5380452852,39180272.69321584,1.6269667366529905,54037.98772529105,14538.250298894702,Aura,1.689997928744802
2024-04-01 04:02:37,0.8444706196247609,168158.2751012504,39171539.00175308,0.0387880108998262,-486.2629440348246,-100.89985390741565,Aura,-0.022291043074529338
2024-04-01 05:05:47,0.8430445596971112,167731.42615579316,39086463.98091958,-0.16887028328863574,-426.84894545722636,-12.218491930436548,Aura,-0.21718580122597198
2024-04-01 06:02:54,0.8187497145624943,175992.07570640752,38547586.34979099,-2.8817984595435275,8260.649550614355,-2035.2629632868886,Aura,-1.378680945382127
2024-04-01 07:02:36,0.8149531837987906,176150.28174610037,37581977.04396138,-0.4636985755448464,158.2060396928573,-98.08482324878325,Aura,-2.5049799410718276
2024-04-01 08:02:47,0.8181741210407427,178360.04765364365,37944382.83197445,0.3952297268093652,2209.765907543275,1296.7645684281936,Aura,0.9643074061514767
2024-04-01 09:03:22,0.8179967143767116,104309.86993335286,38002928.53270365,-0.02168324070253025,-74050.17772029078,-3451.0417310499947,Aura,0.15429345889867996
2024-04-01 10:03:10,0.8293234565014853,97688.04125011296,38455009.28489761,1.3846928631497502,-6621.828683239903,-91.0576464674366,Aura,1.189594511920089
2024-04-01 11:09:23,0.8282219935958761,97639.97455465284,38384006.51270154,-0.13281463305713226,-48.06669546011835,-99.27411750198586,Aura,-0.18463855169046361
2024-04-01 12:03:32,0.828312443955926,98985.62063547384,38446507.215987004,0.010921028510368913,1345.6460808209958,-2899.5394065262885,Aura,0.1628300663839788
2024-04-01 13:01:17,0.8298820492351139,99260.47844631287,38466822.35611933,0.18949434970356727,274.85781083903566,-79.5742866748929,Aura,0.052840014876243124
2024-04-01 14:02:52,0.8292601470917854,99892.07472378164,38489643.32156939,-0.07493861855448758,631.596277468765,129.79018698458793,Aura,0.05932635984016166
2024-04-01 15:00:27,0.8223032841908383,100928.043040818,38178962.2365657,-0.8389240608444593,1035.968317036357,64.02381616120113,Aura,-0.8071809925803697
2024-04-01 16:02:20,0.7982112132813279,92437.94041287612,36967334.87441647,-2.929827883785896,-8490.102627941873,-919.5330386386629,Aura,-3.1735471347851374
2024-04-01 17:01:51,0.7912820921643405,90476.55917788002,37001887.482440256,-0.8680811546736833,-1961.381234996108,-76.8980267854362,Aura,0.09346794444653472
2024-04-01 18:11:32,0.7864065787933663,90529.41881582428,36401121.8286028,-0.6161536346208196,52.85963794426061,-102.69502109029638,Aura,-1.623608131132659
2024-04-01 19:11:44,0.7874273328977757,90756.63313971866,36476476.06899791,0.12979979210951953,227.2143238943827,329.8446465599622,Aura,0.2070107639811969
2024-04-01 20:03:42,0.7878454709698555,90758.6621558275,36522306.40219148,0.05310179804669524,2.0290161088341847,-99.10700343444134,Aura,0.12564353285355878
2024-04-01 21:03:46,0.7922650876517192,93836.42261177654,36744130.50857726,0.5609750699490768,3077.760455949043,151587.3346913661,Aura,0.6073660955115967
2024-04-01 22:03:08,0.7900695616337645,91467.45501084972,36685059.37885138,-0.2771201271107748,-2368.967600926815,-176.97049964846377,Aura,-0.1607634441427086
2024-04-01 23:04:58,0.7932536260138986,91571.4590228067,36788647.42145076,0.4030106378924092,104.00401195697486,-104.39026738551786,Aura,0.28237120057408305
2024-04-02 00:04:49,0.7907876192922119,90325.20179926278,36822055.04440516,-0.3108724171963062,-1246.2572235439147,-1298.27802802403,Aura,0.09080959832985513
2024-04-02 01:07:35,0.789220015077978,90086.77178567924,36706942.497423954,-0.1982332773035722,-238.4300135835365,-80.86831441542013,Aura,-0.3126184751024552
2024-04-02 02:03:10,0.8067061755147925,39525.31648365707,37294209.36858018,2.2156255673630776,-50561.45530202217,21105.994388918418,Aura,1.5998795628304752
2024-04-02 03:03:08,0.7870321251166842,38449.50027312911,36555147.11218933,-2.438812419596703,-1075.8162105279625,-97.87226019484267,Aura,-1.9817078010333056
2024-04-02 04:03:12,0.7849150250810883,38322.95071736429,36385388.555606686,-0.26899791864047895,-126.54955576481734,-88.23687963367716,Aura,-0.4643902979289072
2024-04-02 05:02:55,0.7862861752922853,38295.267065123495,36454352.85104329,0.1746877263631541,-27.683652240797528,-78.12425964398841,Aura,0.18953843334998943
2024-04-02 06:04:49,0.7874480293030043,36961.0790701342,36496371.283856295,0.14776477664599774,-1334.1879949892973,4719.407437227875,Aura,0.11526314288090589
2024-04-02 07:04:43,0.7627160610684572,55081.305551525234,35530283.76057036,-3.140774668829649,18120.226481391037,-1458.1464193534732,Aura,-2.6470782965573036
2024-04-02 08:03:52,0.7616153827509599,53611.114767387895,35352509.02958128,-0.14431036314556112,-1470.1907841373395,-108.11353426320132,Aura,-0.50034706220492
2024-04-02 09:04:50,0.7575723350540868,53162.84188954906,35133859.6088077,-0.5308516330473134,-448.27287783883367,-69.50920365741065,Aura,-0.6184834592379951
2024-04-02 10:05:02,0.751669417516387,61321.79881631044,34776124.35565443,-0.7791886351391608,8158.956926761377,-1920.0871232934028,Aura,-1.0182065310683441
2024-04-02 11:12:49,0.7488820255677848,61092.74193879849,34584387.00251033,-0.370826840050531,-229.05687751194637,-102.80742844420026,Aura,-0.5513476751555446
2024-04-02 12:12:20,0.7468179433957407,59393.47408239242,34635104.21711894,-0.2756218071169769,-1699.2678564060698,641.8541084047761,Aura,0.14664771882446637
2024-04-02 13:11:48,0.7397926228337722,58978.05824434075,34207648.30904736,-0.9407005581607675,-415.41583805167465,-75.55324568250977,Aura,-1.2341695448408685
2024-04-02 14:06:18,0.7368013316598688,56793.57120320173,34368780.376754664,-0.40434184953687113,-2184.4870411390148,425.855502135978,Aura,0.4710410556480138
2024-04-02 15:10:23,0.7430316052128232,57000.656595485474,34564506.51929224,0.8455839159409173,207.08539228374138,-109.47981784207632,Aura,0.5694881819837905
2024-04-02 16:10:50,0.7731532676597855,101755.40747740927,34379186.41244833,4.053887107310161,44754.7508819238,21511.737258899633,Aura,-0.536157247725999
2024-04-02 17:07:17,0.776173773437459,101303.8143577388,36099041.51061682,0.3906736094922092,-451.5931196704769,-101.00903951149658,Aura,5.002605580991126
2024-04-02 18:07:37,0.774967009910697,107951.03093773357,35908932.839904204,-0.15547594727628455,6647.216579994769,-1571.9481520987695,Aura,-0.5266307989277297
2024-04-02 19:07:37,0.7805434187221058,108568.7673611536,36199187.35549308,0.7195672512628981,617.7364234200359,-90.7068407357276,Aura,0.8083072724075269
2024-04-02 20:07:51,0.7793917477697447,109967.79306587607,36157863.57818227,-0.14754732725138497,1399.0257047224732,126.476155797469,Aura,-0.11415664364228251
2024-04-02 21:07:00,0.7795956300049717,107955.06036744786,36173458.71919405,0.026159147285098605,-2012.7326984282117,-243.86674180711213,Aura,0.043130703721061536
2024-04-02 22:03:57,0.7769844813702804,107476.00109482388,35969408.70491457,-0.33493628417011756,-479.0592726239847,-76.19856461823804,Aura,-0.5640876529487193
2024-04-02 23:11:11,0.7810676470380136,108192.5233067893,36235380.09473957,0.5255144427765313,716.5222119654209,-249.56859263797648,Aura,0.7394377594777124
2024-04-03 00:09:57,0.7623395590993923,108823.49917117172,35352415.23629824,-2.3977549204146964,630.9758643824171,-11.939106165090141,Aura,-2.4367478859964153
2024-04-03 01:09:47,0.7519134999891203,132341.53604288874,35045838.04003287,-1.3676397854243794,23518.03687171702,3627.2482513631276,Aura,-0.8672029738737375
2024-04-03 02:09:51,0.767656295606178,132976.47658479188,35532460.606434606,2.0936976949190944,634.9405419031391,-97.30019752343053,Aura,1.388531687688177
2024-04-03 03:09:39,0.768713550520254,133237.71956253584,35677137.82657974,0.1377250365987237,261.24297774396837,-58.85552102864124,Aura,0.40716915652876384
2024-04-03 04:09:43,0.7674965050170145,140350.6807522745,35550566.50760634,-0.15832236890007678,7112.961189738649,2622.737755925336,Aura,-0.35476870254738113
2024-04-03 05:09:51,0.7634874884463184,139743.5858045499,35408186.111018725,-0.5223498145580763,-607.0949477246031,-108.53505216084147,Aura,-0.40050106249968076
2024-04-03 06:09:32,0.7638893109078783,139824.1598247413,35426821.39282466,0.05262986854932539,80.57402019141591,-113.27206238388376,Aura,0.05262986854932539
2024-04-03 07:09:39,0.7653154009748387,112875.5955742618,35497088.20392677,0.18668805108237319,-26948.56425047951,-33545.72380335382,Aura,0.19834353842522745
2024-04-03 08:07:40,0.7597726721090676,109589.08827568009,35252950.4269684,-0.7242411244711588,-3286.5072985817096,-87.80451801426405,Aura,-0.6877684602067169
2024-04-03 09:13:24,0.7736150261468347,110976.16496793632,35735176.13950245,1.8219073343796133,1387.0766922562325,-142.2051912939559,Aura,1.3679017123206405
2024-04-03 10:12:56,0.7574124131452415,108489.57021470634,35119409.68077605,-2.094402571559917,-2486.594753229976,-279.2687287669189,Aura,-1.7231381659420952
2024-04-03 11:13:52,0.7594229199379052,108809.72142568136,35082323.41409154,0.26544413027438374,320.15121097501833,-112.875085920581,Aura,-0.10560048423823298
2024-04-03 12:02:18,0.7624124258876533,110805.58788942215,35252373.09910438,0.3936549544741874,1995.8664637407928,523.4136855713883,Aura,0.484716143243058
2024-04-03 13:08:33,0.7526221126992174,110807.33937874132,34922570.51571648,-1.2841229833101653,1.7514893191691954,-99.91224416307459,Aura,-0.9355471827690476
2024-04-03 14:11:54,0.7674157636965752,115751.2386404024,35420739.2238123,1.9656147152389059,4943.899261661078,282168.30775115296,Aura,1.4264949593891574
2024-04-03 15:01:47,0.7646083065761644,124235.23269883227,35518652.52953706,-0.3658326103294307,8483.994058429875,71.60531817914463,Aura,0.27642931195217546
2024-04-03 16:02:42,0.7671491000794153,71834.04543857522,35581409.951100245,0.33230001314374924,-52401.18726025705,-717.6476185552032,Aura,0.1766886328556483
2024-04-03 17:13:30,0.763544724482321,64665.05206960376,35741740.104145475,-0.46984029528563953,-7168.993368971467,-86.31902492329846,Aura,0.4506008987996024
2024-04-03 18:13:54,0.7579268311915672,64222.00003798509,35150300.04221556,-0.7357647968248004,-443.05203161866666,-93.81988504081666,Aura,-1.6547601213778407
2024-04-03 19:05:38,0.76551108035422,66856.5918741725,35437628.25459649,1.0006571677544818,2634.5918361874137,-694.646147217083,Aura,0.8174274815174964
2024-04-03 20:06:06,0.7539680756361334,87772.88609822263,35174954.20781908,-1.5078821214116633,20916.29422405013,693.9102344717897,Aura,-0.7412291953915795
2024-04-03 21:05:53,0.7664886313436456,89259.61437913959,35493006.508671194,1.6606214655638274,1486.7282809169556,-92.8920091437255,Aura,0.9042010374000986
2024-04-03 22:06:13,0.7645038786595514,89139.17262413072,35456543.97301027,-0.2589409161379175,-120.44175500886922,-108.10112759371104,Aura,-0.10273160616025567
2024-04-03 23:06:43,0.7686548804486207,89801.6556392691,35566295.3511531,0.5429667402534921,662.4830151383794,-650.0443057223757,Aura,0.3095377209532124
2024-04-04 00:06:30,0.7574398900272173,99815.7666875576,35386280.65564399,-1.4590410737856496,10014.111048288498,1411.6026855717578,Aura,-0.5061384485839371
2024-04-04 01:06:03,0.765939405007322,75781.29443096594,35509046.6000789,1.122137227258957,-24034.47225659166,-340.006048871401,Aura,0.3469309070076809
2024-04-04 02:07:52,0.7745754519730979,76384.88513936017,35395037.51357104,1.127510467449211,603.5907083942293,-102.51135411649695,Aura,-0.3210705367336142
2024-04-04 03:07:45,0.7690728970811656,75759.95133950615,35632193.77104268,-0.7103962406651898,-624.9337998540141,-203.5360205455391,Aura,0.6700268572415347
2024-04-04 04:02:52,0.7679155996372615,69128.24211668571,35664164.282573745,-0.15047955119680267,-6631.709222820442,961.1858767072008,Aura,0.08972366881616622
2024-04-04 05:06:56,0.769397859434678,73593.69755502098,35734840.30854197,0.19302379039005668,4465.455438335266,-167.33491002544474,Aura,0.198170985890056
2024-04-04 06:02:26,0.7604278479595403,74908.25461767965,35266289.45727118,-1.1658482493996591,1314.5570626586705,-70.56163518342619,Aura,-1.3111877574524589
2024-04-04 07:01:54,0.7591362244380165,76966.08012967998,35206387.95694856,-0.1698548422430335,2057.8255120003305,56.54136061909794,Aura,-0.1698548422430335
2024-04-04 08:01:57,0.7648922711446048,77562.66362162486,35514571.90027018,0.7582363377336421,596.5834919448826,-71.00903412530019,Aura,0.8753637087067112
2024-04-04 09:01:27,0.7768864015197208,79279.43551998862,35783780.64612039,1.5680810001083678,1716.7718983637606,187.76724826344514,Aura,0.7580233449137053
2024-04-04 10:01:44,0.7748633522832851,74512.17317142835,35959104.695177466,-0.2604047686351918,-4767.262348560267,-377.6875805751423,Aura,0.4899539564891642
2024-04-04 11:04:44,0.7662507678796846,75480.40184452035,35328504.15058058,-1.1114971921464378,968.2286730920023,-120.30995154660225,Aura,-1.7536603036767406
2024-04-04 12:06:39,0.7685945147221455,79642.71760688217,35750013.176994465,0.3058720383336544,4162.315762361817,329.88974382153094,Aura,1.193113143475566
2024-04-04 13:03:06,0.7643307547108398,79064.78206490198,35447294.189785115,-0.5547476503715454,-577.9355419801868,-113.88495191081442,Aura,-0.8467660856812054
2024-04-04 14:03:12,0.7682566027379895,75504.25038205927,35629362.86765143,0.5136320896357072,-3560.5316828427167,516.0776460716065,Aura,0.5136320896357294
2024-04-04 15:03:16,0.7759100861191522,67487.60533423992,36038821.668291055,0.9962144619241275,-8016.645047819344,125.15303224092871,Aura,1.1492172963086578
2024-04-04 16:04:12,0.7759940961942418,67495.80650108182,35988554.37357381,0.010827295145721116,8.201166841899976,-100.10230173336826,Aura,-0.13948096078144623
2024-04-04 17:04:03,0.775486239833211,67416.86228245514,35861685.9881948,-0.06544590526158522,-78.94421862668241,-1062.5973980111505,Aura,-0.3525242610805335
2024-04-04 18:04:24,0.7848285470640579,67265.20451885043,36057100.2619535,1.2047031592535173,-151.657763604715,92.10749848812372,Aura,0.544911005642712
2024-04-04 19:04:11,0.7786443617602025,64758.49589335357,36404350.51011803,-0.7879664070566395,-2506.70862549686,1552.871943984625,Aura,0.9630565010546155
2024-04-04 20:10:37,0.7833746849266647,39050.62427535508,35958718.75124023,0.6075075347323988,-25707.871617998484,925.5628179722274,Aura,-1.2241167680053566
2024-04-04 21:10:28,0.7705768129139726,38839.58614779039,35582685.44367233,-1.6336846542201133,-211.03812756469415,-99.17909140554077,Aura,-1.0457361124829645
2024-04-04 22:10:15,0.769223542676005,38651.66092137744,35890431.916428275,-0.175617824892782,-187.92522641294636,-10.952002568664987,Aura,0.864877029146971
2024-04-04 23:03:02,0.771833353887558,38614.67771953962,35782239.27932446,0.3392786448623175,-36.98320183782198,-80.3202568682529,Aura,-0.30145259147548176
2024-04-05 00:09:19,0.7434859982877963,25771.16452272876,34423390.70579123,-3.6727300597962254,-12843.513196810862,34627.9644773105,Aura,-3.797550407412298
2024-04-05 01:10:51,0.7644178761364507,32972.18612376449,35432167.935940206,2.8153694752637293,7201.021601035733,-156.06738195919633,Aura,2.9304993188229655
2024-04-05 02:09:31,0.7374875328923635,23893.9345439868,33963489.11110579,-3.5229871101653987,-9078.25157977769,-226.0689396970001,Aura,-4.145043643645286
2024-04-05 03:10:39,0.7466451863766835,31801.03637396517,34588689.86219178,1.2417367176912775,7907.101829978368,-187.09939089584032,Aura,1.8408024836339631
2024-04-05 04:08:58,0.7366230621775197,20347.87585502269,34190161.37987309,-1.3422873919269662,-11453.16051894248,-244.84650337396516,Aura,-1.1521930547427783
2024-04-05 05:09:44,0.7394381474459057,28616.75101352143,34377933.784168646,0.3821608924467368,8268.87515849874,-172.1973218206693,Aura,0.549200111135173
2024-04-05 06:09:52,0.7344449498991992,26705.901398405887,34031913.86773462,-0.6752691302110425,-1910.8496151155414,-123.10894261296923,Aura,-1.006517490569414
2024-04-05 07:03:48,0.7313235847245165,71168.77498810652,33916523.82935381,-0.4249964786484095,44462.87358970064,-2426.8640942742186,Aura,-0.3390642055256521
2024-04-05 08:03:48,0.7254794151426747,105756.56151542802,33659382.0879664,-0.7991222632377282,34587.7865273215,-22.209736495003785,Aura,-0.7581606613967451
2024-04-05 09:04:03,0.7265085384852918,108239.04746958704,33693216.8911896,0.14185424439847605,2482.485954159012,-92.82265156748886,Aura,0.10052116564343017
2024-04-05 10:03:55,0.7241345349968172,107976.97299640812,33613777.520294055,-0.32676883515012634,-262.0744731789164,-110.55693679715898,Aura,-0.23577259230570524
2024-04-05 11:04:00,0.7246205964520446,107035.88149364124,33710045.775434576,0.06712308718013205,-941.0915027668816,259.0931582735283,Aura,0.28639522910627324
2024-04-05 12:06:56,0.7197142708370601,100858.58554303872,33515999.20449237,-0.6770888985225265,-6177.295950602522,556.3969531592619,Aura,-0.5756342552450944
2024-04-05 13:02:29,0.7205502172559407,110592.37317918408,33428277.458844867,0.11614976286469236,9733.787636145367,-257.5736003905714,Aura,-0.2617309575414617
2024-04-05 14:03:00,0.7247893313714406,111896.8125341923,33440512.5288,0.5883162635969663,1304.4393550082168,-86.5988513026078,Aura,0.036600958485499824
2024-04-05 15:02:58,0.7329650564406941,113177.97586637097,33927345.48909823,1.128013991842769,1281.1633321786649,-1.7843698704877897,Aura,1.4558178792234422
2024-04-05 16:03:18,0.7349425028807615,113420.11138498636,34084358.050000474,0.26978727330739805,242.135518615396,-81.1003396262024,Aura,0.4627905857023107
2024-04-05 17:02:51,0.7229219961491291,299601.96874299133,33526884.160849348,-1.635571039165029,186181.85735800496,76791.59294871279,Aura,-1.6355710391650402
2024-04-05 18:02:49,0.720951293548893,330441.97694094654,33396074.20015429,-0.272602384591103,30840.008197955205,-83.43554595727679,Aura,-0.3901643829097856
2024-04-05 19:04:54,0.7212873260761207,336936.9416460804,33468577.14623065,0.046609601818392576,6494.964705133869,-78.9398087593099,Aura,0.21710020657466078
2024-04-05 20:01:39,0.7206663994648782,340431.3572225601,33282646.231211845,-0.08608588960246077,3494.4155764796888,-46.198082127874095,Aura,-0.5555387496947839
2024-04-05 21:01:26,0.7191223956087593,339292.7944063399,33356422.90533184,-0.2142466829680556,-1138.5628162202192,-132.58235293717468,Aura,0.22166709223621073
2024-04-05 22:02:03,0.7184916859949424,338930.8474012444,33321420.09124396,-0.08770546122166545,-361.9470050954842,-68.21018568856223,Aura,-0.10493575461379967
2024-04-05 23:08:16,0.7192897785522028,339437.2331222342,33401974.32829033,0.11107888550654366,506.3857209897833,-239.90603979612848,Aura,0.2417491116098569
2024-04-06 00:03:44,0.7180596843857798,332447.7485002159,33307798.532360736,-0.171015104496397,-6989.484622018295,-1480.2689002281945,Aura,-0.2819467945337273
2024-04-06 01:03:06,0.7253600804443988,335344.330975084,33526344.195755303,1.016683740553348,2896.5824748681043,-141.44200368855925,Aura,0.6561396220234661
2024-04-06 02:02:57,0.7244107019111974,334692.4739733161,33595925.7253616,-0.13088375812186914,-651.8570017679012,-122.50434805235724,Aura,0.2075428480958763
2024-04-06 03:04:15,0.7237698153400627,334482.5470682441,33566203.39024781,-0.08847005841352562,-209.92690507200314,-67.79555876478116,Aura,-0.08847005841352562
2024-04-06 04:10:06,0.7219903136741351,339028.8247735468,33721453.04072268,-0.2458656921318858,4546.277705302695,-2265.6479448136297,Aura,0.46251775534429385
2024-04-06 05:08:03,0.7210299335592119,330228.6877573867,33430887.997112963,-0.13301842098628613,-8800.137016160064,-293.56796013353403,Aura,-0.8616622873837243
2024-04-06 06:12:14,0.7230818382314403,340080.24757278553,33544337.895029698,0.28457967925128447,9851.559815398825,-211.94780032751748,Aura,0.3393565194156123
2024-04-06 07:05:03,0.724275124431539,293783.17405666114,33606294.670641355,0.16502782078129385,-46297.073516124394,-569.9466316365266,Aura,0.1847011433212309
2024-04-06 08:04:51,0.7231796791341222,267627.6865591616,33538834.69995883,-0.15124712425772513,-26155.487497499562,-43.50509543893719,Aura,-0.200736116086786
2024-04-06 09:09:37,0.7250645019330743,264099.20581721293,33659199.96228402,0.2606299448580707,-3528.480741948646,-86.5095967250239,Aura,0.3588832569825007
2024-04-06 10:09:28,0.7239549942728951,263696.49185740214,33579121.195895284,-0.15302192525231684,-402.7139598107897,-88.5867604427285,Aura,-0.23791048651918834
2024-04-06 11:10:15,0.7248364994062634,263978.2996050259,33601890.02168852,0.12176242174468666,281.8077476237668,-169.97714898092204,Aura,0.06780649696103147
2024-04-06 12:08:38,0.7226624149239942,263170.0890259989,33582455.83196203,-0.29994136388690196,-808.2105790270143,-386.795017469155,Aura,-0.05783659703055832
2024-04-06 13:06:38,0.7230409486825856,253069.99390702532,33559709.03312735,0.05238044082189752,-10100.095118973579,1149.686081953152,Aura,-0.06773417330909748
2024-04-06 14:08:49,0.7221226475562118,252529.6360009341,33463356.91626087,-0.12700541069589066,-540.3579060912307,-94.64997210693453,Aura,-0.2871065323342692
2024-04-06 15:02:45,0.7238615917181449,253009.65893911588,33669427.54413895,0.2408100850759931,480.0229381817917,-188.83425832595248,Aura,0.6158097897762005
2024-04-06 16:02:17,0.7504722158211757,345584.2718386268,34804578.05932096,3.676203352614449,92574.61289951095,19185.456076361832,Aura,3.371457722867066
2024-04-06 17:02:43,0.7471938653267884,165540.99626206286,34631367.645719066,-0.4368383566072609,-180043.27557656396,-294.48450275671104,Aura,-0.4976656039520688
2024-04-06 18:04:00,0.7508265259501314,126726.8487206749,34843280.218396425,0.4861737752295703,-38814.14754138797,-78.44176772662519,Aura,0.6119093385084762
2024-04-06 19:07:44,0.7521789906855607,118982.18267424684,34876319.858821385,0.18013012176385512,-7744.666046428058,-80.04679598290846,Aura,0.0948235648821516
2024-04-06 20:09:38,0.7529761400755404,125661.59806108227,34990966.18848226,0.10597868324573323,6679.415386835433,-186.24536354173807,Aura,0.32872255480211887
2024-04-06 21:06:58,0.7609060516716812,128295.15421534418,35288285.47128407,1.0531424800984235,2633.5561542619107,-60.57205605969007,Aura,0.8497029810502266
2024-04-06 22:06:16,0.7609050050629234,128197.03194998756,35269380.98658121,-0.00013754769798701716,-98.12226535662194,-103.7258467110272,Aura,-0.053571559089338194
2024-04-06 23:05:31,0.7608920894218519,172460.22046919592,35186233.7937261,-0.001697405193223922,44263.18851920836,-45210.23910662412,Aura,-0.23574894293364457
2024-04-07 00:05:30,0.7573441418085111,171181.52450370815,35173567.14750508,-0.46628788269262866,-1278.695965487772,-102.88884738823745,Aura,-0.03599886903291605
2024-04-07 01:05:51,0.7556928181227931,167786.29287313376,35046693.432139255,-0.21804138892190794,-3395.231630574388,165.52297983354012,Aura,-0.36070755870101223
2024-04-07 02:05:34,0.7694120110450556,170584.8805131101,35682947.128022306,1.8154457199080154,2798.587639976351,-182.42700188036656,Aura,1.8154457199079932
2024-04-07 03:05:51,0.7674498472265776,170005.69111737784,35591948.044584334,-0.25502120974338904,-579.1893957322754,-120.6957748065081,Aura,-0.25502120974337794
2024-04-07 04:02:39,0.7689674277407792,170362.06966467042,35658539.93870503,0.19774328181649814,356.37854729258106,-161.5305718506824,Aura,0.18709819995599286
2024-04-07 05:02:25,0.7708359294297225,166988.86438450534,35763311.686095335,0.24298840516989717,-3373.2052801650716,-1046.523101850944,Aura,0.29381951019420427
2024-04-07 06:02:35,0.764337826002077,156527.30820546346,35403910.78081079,-0.8429943622961233,-10461.556179041887,210.13695610395638,Aura,-1.004943022165028
2024-04-07 07:02:40,0.7655851834282874,157854.16605870376,35505470.71024229,0.16319451736868107,1326.8578532403044,-112.68317858769863,Aura,0.2868607653551791
2024-04-07 08:02:37,0.766328879535188,158582.40668856274,35608172.77212742,0.09714086988601434,728.2406298589776,-45.11539965787974,Aura,0.2892570069645828
2024-04-07 09:02:52,0.7331905806281378,311097.83621487854,34012127.83540185,-4.324292062064794,152515.4295263158,20842.999233076313,Aura,-4.482243295491106
2024-04-07 10:02:27,0.7261543600541307,307935.2274137575,33518135.837826967,-0.9596714360376901,-3162.608801121067,-102.07363203247273,Aura,-1.4523995674881163
2024-04-07 11:02:42,0.7246898918704268,320375.2793814172,33626749.00823605,-0.20167450121689745,12440.051967659732,-493.347794493269,Aura,0.32404299252974944
2024-04-07 12:02:27,0.7247692272317605,320351.68139149057,33639705.44438867,0.010947491088764139,-23.597989926638547,-100.18969366034793,Aura,0.03853014797667864
2024-04-07 13:04:33,0.7276273045113146,321467.89947304386,33745101.79600279,0.394343078067827,1116.218081553292,-4830.140512066459,Aura,0.31330937718332397
2024-04-07 14:04:04,0.7340889163504696,321883.450825431,34044771.349257104,0.8880386702220688,415.55135238711955,-62.77149069213679,Aura,0.888038670222091
2024-04-07 15:10:53,0.7355472874859771,322631.59614055074,34112406.08769934,0.19866409954230058,748.1453151197638,80.03678987496261,Aura,0.19866409954230058
2024-04-07 16:00:43,0.7246176711142831,229076.1744468037,33562500.29245331,-1.4859162092827893,-93555.42169374705,-12604.979955501105,Aura,-1.612040481202881
2024-04-07 17:00:50,0.7067691509257167,412291.7425995415,33162981.971703365,-2.463163803488233,183215.5681527378,-295.8363981859785,Aura,-1.190371150148728
2024-04-07 18:10:31,0.7039613185849356,415921.69652779214,32657160.24169366,-0.3972771501279282,3629.953928250645,-98.0187524647335,Aura,-1.5252600940449224
2024-04-07 19:03:08,0.7031467393825795,415164.9677141348,32597124.63078206,-0.11571363096959386,-756.7288136573625,-120.84678837844223,Aura,-0.18383598104452226
2024-04-07 20:09:28,0.7041567527737418,415008.12707849854,32656610.266503807,0.14364190781133157,-156.8406356362393,-79.27386498232974,Aura,0.18248737088171207
2024-04-07 21:08:58,0.71556064322354,424583.08647878567,33162841.2758185,1.6195102020788887,9574.95940028713,-6204.89708961289,Aura,1.5501639796152933
2024-04-07 22:11:22,0.7039284111863129,422674.3223739298,32690209.064562384,-1.6256109314264244,-1908.7641048558871,-119.93495768555059,Aura,-1.4251861211926564
2024-04-07 23:12:32,0.7337037968731347,443831.4240179027,33172662.91981198,4.229888325808884,21157.101643972914,-1208.4188763896673,Aura,1.4758359431007673
2024-04-08 00:11:43,0.7403379591883646,448551.6751516796,34314556.33206628,0.9042017151203341,4720.25113377691,-77.68951904089575,Aura,3.442272376548705
2024-04-08 01:11:19,0.7345274223436776,454628.5842142909,34046736.0797306,-0.7848492398062512,6076.909062611288,28.741223515132084,Aura,-0.7804858373920198
2024-04-08 02:11:11,0.7308542722348726,451895.68482246506,33877833.02444118,-0.5000698404267867,-2732.8993918258348,-144.97186585595358,Aura,-0.4960917689551203
2024-04-08 03:14:01,0.7317676944981143,457292.2693271781,33918379.6601973,0.12498008124772753,5396.584504713013,-297.46736820441765,Aura,0.11968485625060143
2024-04-08 04:03:00,0.7289597424596724,456405.84527652775,33806896.14308875,-0.38372178213847974,-886.4240506503265,-116.42564940614166,Aura,-0.3286817301575762
2024-04-08 05:05:24,0.7278689702734896,455708.0908019312,33707793.992720865,-0.1496340775283822,-697.7544745965279,-21.28434758910037,Aura,-0.2931418191969848
2024-04-08 06:04:52,0.7301297272002842,457046.6208600544,33770327.830211066,0.3105994374159371,1338.5300581231713,-291.8339626409659,Aura,0.18551744295014494
2024-04-08 07:03:04,0.7291761463629041,454710.57261505735,33752412.87151662,-0.13060430247604504,-2336.048244997044,-274.5234057928105,Aura,-0.05304940711418071
2024-04-08 08:06:23,0.7370186839150586,459922.25392143126,34118084.31613203,1.0755340244291922,5211.68130637391,-323.09818804193856,Aura,1.0833934925108535
2024-04-08 09:06:12,0.7629751627097056,318933.53927338234,35168795.46227788,3.5218210014386075,-140988.71464804892,-2805.2443608863628,Aura,3.079631131719318
2024-04-08 10:06:55,0.7653871073995555,327713.85795631737,35438491.6437905,0.3161236181377092,8780.31868293503,-106.22767482124608,Aura,0.7668621514259621
2024-04-08 11:04:54,0.7352768019758783,420250.06226350815,34048074.1307091,-3.933996945150886,92536.20430719078,953.904848431519,Aura,-3.9234669665322186
2024-04-08 12:04:30,0.7350071448315807,434052.7784500737,34080100.46638056,-0.03667423527751179,13802.716186565522,-85.08398276122836,Aura,0.09406210626925482
2024-04-08 13:04:48,0.7391809585879261,436360.8992778084,34280924.50429561,0.5678602970998092,2308.120827734703,-83.2777781087664,Aura,0.5892706745778575
2024-04-08 14:00:36,0.7342806649833401,433263.6452477116,34333148.05149469,-0.6629355839938178,-3097.254030096752,-234.1894233993175,Aura,0.1523399615215526
2024-04-08 15:00:43,0.738785684761308,435920.31595301593,34143906.8593408,0.6135283131920799,2656.6707053043065,-185.7750342557894,Aura,-0.5511909128462444
2024-04-08 16:00:25,0.7312034585909647,436732.024765295,33907731.68043379,-1.0263092973699206,811.7088122790447,-69.44638977429956,Aura,-0.6917051990563361
2024-04-08 17:00:55,0.7532339318298571,266217.867358116,34733307.52491166,3.012906049616526,-170514.15740717895,-21106.813629191027,Aura,2.4347716687703524
2024-04-08 18:00:39,0.7537172971974541,244529.6951405307,34923257.326313674,0.0641720117975364,-21688.17221758532,-87.2807205293839,Aura,0.5468808326583474
2024-04-08 19:01:08,0.7588464623388256,246281.92993950425,35250792.22035659,0.6805157796488492,1752.2347989735426,-108.07921839329913,Aura,0.9378704024728179
2024-04-08 20:00:25,0.7636770497316412,259709.5058775892,35322319.17623798,0.6365697980494467,13427.575938084949,666.3114524349596,Aura,0.20290878977773374
2024-04-08 21:00:35,0.7615290282253465,247687.8995278612,35356089.253797434,-0.28127354449757336,-12021.606349727983,-189.52923748232783,Aura,0.0956054934868833
2024-04-08 22:06:31,0.7613447868259352,247525.3221315748,35308814.24323697,-0.024193614764844718,-162.57739628641866,-98.64762335783772,Aura,-0.13371108501597506
2024-04-08 23:03:22,0.7647083878570694,184032.9708226025,35464807.64603127,0.44179734193192655,-63492.351308972284,38953.61554512501,Aura,0.44179734193192655
2024-04-09 00:03:41,0.764379164773668,184652.216038638,35323991.42704556,-0.043052108310726034,619.2452160354878,-100.97530679407676,Aura,-0.39705902366981016
2024-04-09 01:03:29,0.7658118995392402,181603.983283703,35515985.101600975,0.18743770521223446,-3048.2327549349866,-592.2497059323746,Aura,0.5435220279450537
2024-04-09 02:03:30,0.7790985646323513,190740.4539250724,36132179.49578682,1.7349776232394865,9136.470641369378,-399.73008545944333,Aura,1.7349776232394865
2024-04-09 03:03:47,0.7777588129744256,195339.4193997385,36075996.06988181,-0.17196176693738963,4598.965474666096,-49.66365399520617,Aura,-0.15549415144349155
2024-04-09 04:03:09,0.7682367244439067,193723.8702548631,35628440.973911054,-1.2242983778098404,-1615.5491448753746,-135.1285338795171,Aura,-1.240589712627227
2024-04-09 05:01:14,0.7716816440111228,196445.69306344097,35812886.70520946,0.4484190169000035,2721.8228085778537,-268.4766332990643,Aura,0.5176924003872596
2024-04-09 06:01:13,0.7698757684429993,195971.1965866244,35702911.93101852,-0.23401820972918097,-474.4964768165664,-117.43304065647425,Aura,-0.30708156842029766
2024-04-09 07:01:35,0.774454350658643,200336.8726495829,35967955.130824275,0.5947170184227746,4365.67606295849,-1020.0650112827282,Aura,0.7423573749890444
2024-04-09 08:01:42,0.7733572551489308,202928.9226871319,35763314.10238504,-0.1416604489056228,2592.050037549023,-40.62660627658967,Aura,-0.5689537470087158
2024-04-09 09:02:20,0.7706768904408182,201852.43213266289,35741608.318586536,-0.3465881635255963,-1076.4905544690264,-141.53046966203357,Aura,-0.06069287576749849
2024-04-09 10:03:01,0.7541810572748583,203919.7879853527,35045137.336554125,-2.140434385741674,2067.355852689827,-292.0458887546431,Aura,-1.9486279851324673
2024-04-09 11:02:47,0.770368459339394,102083.2430895812,35619369.38957899,2.14635489825572,-101836.54489577151,-5025.932067441242,Aura,1.6385498721556147
2024-04-09 12:01:58,0.7713963310900098,88962.76191446943,35690038.40050835,0.13342599092092122,-13120.481175111767,-87.1161367576439,Aura,0.1984005111276277
2024-04-09 13:01:06,0.7687270895161146,89157.54274116359,35701135.5436547,-0.3460272581441437,194.78082669415744,-101.48455551358617,Aura,0.031093110693292125
2024-04-09 14:01:22,0.76434238048111,88564.21135587292,35475420.11540079,-0.5703856537389029,-593.3313852906722,-404.6148819474486,Aura,-0.6322359914236131
2024-04-09 15:03:56,0.7472144821605359,86565.33156085876,34653494.45742618,-2.240867281203629,-1998.8797950141598,236.89095917872461,Aura,-2.3168877360744466
2024-04-09 16:01:11,0.7505319229693205,83555.50648461105,34672592.12612671,0.44397437255128125,-3009.825076247711,50.57559157660052,Aura,0.055110369097088885
2024-04-09 17:01:27,0.7465515386432207,78132.15073105865,34622749.18943239,-0.530341775517329,-5423.355753552401,80.1884035172433,Aura,-0.14375313075239982
2024-04-09 18:01:39,0.7472716223018304,75723.30170353081,34682358.22037399,0.09645464798297976,-2408.849027527831,-55.583790977569755,Aura,0.17216723783388677
2024-04-09 19:01:21,0.7498451825025996,75821.12275081998,34771988.83641936,0.3443942100787689,97.82104728916602,-104.06090403222814,Aura,0.2584328766684463
2024-04-09 20:01:12,0.7599129615682058,56990.81976209303,35242410.6204254,1.3426476958890543,-18830.30298872695,-19349.745847704155,Aura,1.3528756903123496
2024-04-09 21:07:01,0.7585919525227226,56861.99498131862,35164488.04652168,-0.17383688820848953,-128.82478077441192,-99.31586453573512,Aura,-0.2211045513968446
2024-04-09 22:01:41,0.7306572029248131,48503.51783881653,33888813.707285225,-3.6824473954688797,-8358.477142502088,6388.252564651217,Aura,-3.627734712215258
2024-04-09 23:05:25,0.7323148442184605,48131.66401173872,33962495.37594367,0.22686990383615768,-371.8538270778081,-95.55117731689465,Aura,0.2174217996973038
2024-04-10 00:03:15,0.7485338700169953,63246.7137560609,34807544.61128084,2.2147613047287074,15115.049744322176,-4164.782622543628,Aura,2.4881835859909884
2024-04-10 01:02:45,0.7475853819108698,58956.8298964338,34670695.63961593,-0.1267127840326121,-4289.883859627094,-128.38153980431687,Aura,-0.3931589349182696
2024-04-10 02:01:01,0.7539674280359511,48959.02950018222,34767436.476891726,0.8536879237483808,-9997.80039625158,133.05526963894673,Aura,0.27902767882528323
2024-04-10 03:00:57,0.7456061974915671,51546.676010775176,34741715.99533883,-1.108964423856429,2587.646510592953,-125.88215815513905,Aura,-0.07397865404886739
2024-04-10 04:01:19,0.7496203770708736,47795.01315721129,34795096.79844602,0.5383779792618837,-3751.6628535638883,-244.98359177754168,Aura,0.15365045041055847
2024-04-10 05:00:47,0.7406776483227329,45565.86937534524,34328942.258973524,-1.1929676702605474,-2229.143781866049,-40.58251317150005,Aura,-1.3397132997581385
2024-04-10 06:00:16,0.7456973962777823,39488.29832578996,34529719.80715624,0.6777236988879887,-6077.571049555278,172.6415002475818,Aura,0.5848637766584064
2024-04-10 07:06:53,0.748747858278564,38788.05438180244,34724607.69475745,0.40907505055112203,-700.2439439875234,-88.47822693839568,Aura,0.5644062236520586
2024-04-10 08:06:39,0.7461634407286528,38753.94838907279,34657112.47669581,-0.3451652677649131,-34.10599272964464,-95.12941268218204,Aura,-0.19437287428829553
2024-04-10 09:00:44,0.741365819740046,38566.29628116181,34354088.42806091,-0.6429718647059102,-187.6521079109807,450.20274412911334,Aura,-0.8743488045596992
2024-04-10 10:02:38,0.7471555172334251,25159.71879804884,34650759.846650295,0.7809501516281347,-13406.577483112971,7044.378836113499,Aura,0.8635694677523675
2024-04-10 11:02:44,0.7412045752128855,25327.60717428504,34239668.62142956,-0.7964796997785406,167.88837623619838,-101.25228363799539,Aura,-1.1863844459401474
2024-04-10 12:01:49,0.7272418559590577,30910.801806854743,33793509.13996794,-1.8837875157229789,5583.194632569703,3225.539717362464,Aura,-1.3030484798044584
2024-04-10 13:04:40,0.7171029186067346,21259.3079583109,33216588.001495566,-1.3941630654567105,-9651.493848543843,-272.86687073815443,Aura,-1.7071951186923173
2024-04-10 14:04:00,0.7098332598343025,42672.87339672405,32919869.0906528,-1.0137538955435343,21413.56543841315,-321.8678867172867,Aura,-0.893285339329275
2024-04-10 15:04:22,0.7138532289882232,42943.12973574641,33106302.814998742,0.5663258375437685,270.2563390223586,-98.7379199423859,Aura,0.5663258375437463
2024-04-10 16:01:52,0.7082353095753383,42861.33078820596,32936934.89482868,-0.7869852211563777,-81.79894754044653,-130.26717072996362,Aura,-0.5115881441564385
2024-04-10 17:01:56,0.7069944919988627,43174.075394990425,32787154.49228594,-0.17519849119350672,312.74460678446485,-482.33328934926,Aura,-0.4547490621729211
2024-04-10 18:02:06,0.707254625417173,43308.81907580003,32853136.719089,0.0367942637820029,134.74368080960267,-56.915745983602406,Aura,0.20124413912949723
2024-04-10 19:01:56,0.7041474863958063,43047.37451791537,32563392.1613316,-0.43932395910935007,-261.4445578846571,-294.031034564127,Aura,-0.8819387939570711
2024-04-10 20:02:12,0.7028227798587744,42974.01103551,32594744.732418444,-0.18812912956807093,-73.36348240537336,-71.93918167623916,Aura,0.09628164944091022
2024-04-10 21:04:50,0.7039165305662308,88876.22684810196,32645469.5041989,0.15562254650827168,45902.21581259196,-62668.207380011096,Aura,0.15562254650827168
2024-04-10 22:04:46,0.6913136600124464,169248.46548254075,32103375.65741528,-1.7903927534769881,80372.23863443879,75.0944637674571,Aura,-1.6605484773741686
2024-04-10 23:02:46,0.7090830318985358,218035.442084055,32885075.841546163,2.570377661244172,48786.97660151424,-39.298721261934034,Aura,2.4349470051767907
2024-04-11 00:01:54,0.7231460534802272,215239.88007057703,33440259.631703205,1.9832686651714448,-2795.56201347796,-105.73013990252306,Aura,1.6882545530140902
2024-04-11 01:03:11,0.7233898504137809,215307.74372858257,33500420.50140364,0.0337133739969131,67.86365800554631,-102.42754972625762,Aura,0.17990551019346768
2024-04-11 02:05:51,0.7224985750795859,214700.05834587567,33537024.241699714,-0.123208161364885,-607.685382706899,-995.4503788422876,Aura,0.10926352489974978
2024-04-11 03:01:06,0.7272951244795947,216426.67940736472,33824846.83941902,0.6638835792140307,1726.6210614890442,-384.1307542725335,Aura,0.8582234238941
2024-04-11 04:00:47,0.7267599930095767,213521.0662100937,33740437.84162245,-0.07357831119806368,-2905.6131972710136,-268.2832013392216,Aura,-0.24954731708705102
2024-04-11 05:01:14,0.7261869637700165,213129.61009641172,33563355.93007416,-0.07884710840883047,-391.45611368198297,-86.52759031898523,Aura,-0.5248358435047895
2024-04-11 06:00:50,0.7294806653862372,222708.5075147844,33797887.32663389,0.453561104859479,9578.897418372682,-2546.9913953507776,Aura,0.6987721878835673
2024-04-11 07:00:02,0.7299922707868051,225119.72127933177,33856068.24426615,0.0701328252883826,2411.2137645473704,-74.82785691051903,Aura,0.17214365226434492
2024-04-11 08:00:58,0.7305080281553453,226300.30272877,33846038.78266309,0.07065244238604329,1180.5814494382357,-51.037876989730414,Aura,-0.02962382262080565
2024-04-11 09:01:01,0.7308396079510452,226581.5586267108,33894078.48489459,0.045390301395742405,281.2558979407768,-76.17649353421496,Aura,0.14193596639173744
2024-04-11 10:01:51,0.7228393154326966,225983.36745492648,33578787.73151266,-1.0946714479224573,-598.1911717843032,-312.68573429534354,Aura,-0.9302237071364683
2024-04-11 11:01:50,0.7225035823419355,225662.24656767896,33488564.38583314,-0.0464464347183724,-321.1208872475254,-46.31801631413649,Aura,-0.26869149178618823
2024-04-11 12:02:56,0.7099513159066738,226048.52813928569,33372308.831681337,-1.7373293007869273,386.2815716067271,-220.29163687162296,Aura,-0.3471500086190127
2024-04-11 13:03:52,0.7175219012486781,228460.5387933836,33276444.47697,1.0663527445309295,2412.0106540979177,524.4177386110418,Aura,-0.2872571843765659
2024-04-11 14:01:59,0.7137680988153714,227047.2139125448,33102354.741127707,-0.5231620702830231,-1413.3248808388016,-158.59530008450062,Aura,-0.5231620702830009
2024-04-11 15:01:57,0.7091590115786155,225597.71537522305,32926525.75529128,-0.6457401562784182,-1449.4985373217496,2.559472133645535,Aura,-0.5311676078982086
2024-04-11 16:00:26,0.708525210767828,225398.27908443369,32865400.89720884,-0.08937358200900025,-199.43629078936647,-86.24101469202814,Aura,-0.18564016907437475
2024-04-11 17:01:57,0.6998457925231518,215978.23511440167,32330125.8411914,-1.2249978000458683,-9420.043970032013,4623.33492201825,Aura,-1.6286886555608726
2024-04-11 18:05:01,0.6956150188702481,216550.66727469303,32258373.648631293,-0.6045294117794864,572.4321602913551,-106.07674616076564,Aura,-0.22193601383601047
2024-04-11 19:02:21,0.6884084947353818,304363.10287074174,32232508.45168164,-1.0359931771701136,87812.43559604872,15240.234474484132,Aura,-0.08018134215750372
2024-04-11 20:02:14,0.6894172387275469,340800.2175987546,31973037.23560097,0.14653276359595235,36437.11472801288,-58.50574638923642,Aura,-0.8049985202660537
2024-04-11 21:02:06,0.6918784236718164,306460.3976596963,32087179.3739845,0.3569949815603879,-34339.81993905833,-194.24407007906655,Aura,0.3569949815603879
2024-04-11 22:02:54,0.6841374993442003,212622.381545436,31728179.268008545,-1.118827248078469,-93838.0161142603,173.26298239417483,Aura,-1.11882724807848
2024-04-11 23:03:48,0.6839265858737803,162379.56973787566,31718397.75419599,-0.030829105351215524,-50242.81180756033,-46.45793476027562,Aura,-0.030829105351215524
2024-04-12 00:06:00,0.6830929113766377,163975.64641458448,31619472.98956811,-0.12189531952138122,1596.0766767088207,-103.17672641973563,Aura,-0.31188449490576753
2024-04-12 01:04:52,0.6855296982106079,164128.81555225616,31792745.14146592,0.3567284615879407,153.16913767167716,-90.40339728618059,Aura,0.5479919034544922
2024-04-12 02:04:55,0.6866645830238747,164426.9390967949,31845377.585730974,0.1655485993136363,298.12354453874286,94.63682375608853,Aura,0.1655485993136363
2024-04-12 03:04:53,0.6881881230522796,161593.34904583378,32003633.257547066,0.2218754346839491,-2833.590050961124,-1050.4750976127223,Aura,0.49695021322968547
2024-04-12 04:04:53,0.6928784585931873,162603.60617871105,32121864.24261239,0.6815484580153575,1010.2571328772756,-135.65290372665612,Aura,0.3694298835193788
2024-04-12 05:06:50,0.6925876796193293,163418.12072013944,32120072.469116926,-0.041966808211701956,814.5145414283907,-19.37552184278054,Aura,-0.00557804952393548
2024-04-12 06:10:31,0.6897318876742229,154800.56152795642,32186727.27985784,-0.41233652130169274,-8617.55919218302,-1157.999428355282,Aura,0.20751762252404493
2024-04-12 07:05:56,0.687346732745453,153757.6854699786,31868833.83101922,-0.34580899787201025,-1042.8760579778173,-87.89824317164181,Aura,-0.9876538427613157
2024-04-12 08:01:19,0.6939836866757033,159737.52903386296,32184814.95463556,0.9655903802350929,5979.843563884351,-673.3992566172755,Aura,0.9915051341125247
2024-04-12 09:04:01,0.693604957529868,148684.90750802506,32150947.763265084,-0.054573205841412786,-11052.621525837894,-284.83128208555337,Aura,-0.10522723656547495
2024-04-12 10:07:48,0.6919410912839997,147985.1099050218,32091906.49624965,-0.2398867291539819,-699.7976030032733,-93.66849211865849,Aura,-0.18363771870791856
2024-04-12 11:04:53,0.6871697686995895,148588.3535196575,31849978.213074382,-0.6895561839746156,603.2436146357213,-186.20258372518316,Aura,-0.7538607380759399
2024-04-12 12:02:16,0.687636949402248,149359.15165806646,31858416.223435484,0.06798621300565522,770.7981384089508,27.77559839972945,Aura,0.026492986289206044
2024-04-12 13:04:03,0.6879138754582272,151291.36833850018,31903315.901279088,0.04027213142341335,1932.2166804337176,150.67739323062176,Aura,0.1409350594477221
2024-04-12 14:02:35,0.6876801115234522,154046.72694973432,31877872.99918943,-0.033981569948615675,2755.3586112341436,42.60091216144861,Aura,-0.07975002400499864
2024-04-12 15:02:11,0.6816245002639614,152079.9412566237,31840830.60504278,-0.8805854870625129,-1966.7856931106362,-171.38038892983514,Aura,-0.11620095904011363
2024-04-12 16:01:17,0.6801548248589481,151646.1745909859,31528793.34265016,-0.215613641300183,-433.7666656377842,-77.94540263551816,Aura,-0.9799909627458137
2024-04-12 17:11:00,0.6800436554451212,151418.02870204626,31578278.58918268,-0.016344721784466998,-228.14588893964537,-47.403545036317276,Aura,0.15695255443086698
2024-04-12 18:06:14,0.6503958447019816,144675.55846236632,30614397.80352004,-4.359692279421923,-6742.47023967994,2855.3327789586515,Aura,-3.052353797375207
2024-04-12 19:06:19,0.62418637825224,61807.94085793398,28964493.86500923,-4.029771509649038,-82867.61760443234,1129.0394270745198,Aura,-5.3893071786017765
2024-04-12 20:06:06,0.619995749770207,39476.473507303344,28753483.49267365,-0.6713745490196432,-22331.467350630635,-73.05163585463545,Aura,-0.7285139292231624
2024-04-12 21:06:37,0.6163278308929208,51197.20422421206,28643135.289378405,-0.5916038744855467,11720.730716908714,-152.4852690281354,Aura,-0.38377333766659305
2024-04-12 22:06:02,0.6264245421742627,51750.553830999495,29062369.59239336,1.6382046656426397,553.3496067874366,-95.27888132444544,Aura,1.4636466950264992
2024-04-12 23:06:23,0.6239876213656087,54650.71545326807,28950098.599980112,-0.3890206472747182,2900.161622268577,424.11018038052805,Aura,-0.38631052453008685
2024-04-13 00:06:50,0.626939451560386,53608.32928822729,29245110.639982387,0.47305909503736476,-1042.3861650407853,-135.94234738632963,Aura,1.0190363911315892
2024-04-13 01:05:36,0.6257514939657938,53947.20619129825,29020417.089842983,-0.18948521928801032,338.87690307096636,-132.50972762648928,Aura,-0.7683115065128754
2024-04-13 02:05:26,0.6118572987083207,63988.53345403005,28376047.32742476,-2.2204014519272675,10041.327262731793,2863.119401686982,Aura,-2.2204014519272675
2024-04-13 03:05:15,0.6149015560440823,64313.23493620839,28517230.558251284,0.4975436825201296,324.70148217834503,-96.76634897277505,Aura,0.4975436825201296
2024-04-13 04:01:15,0.6207559413573501,64619.33900558722,28782514.441722024,0.9520849729071301,306.1040693788309,-5.727541702227079,Aura,0.9302582273157833
2024-04-13 05:01:35,0.625858285656072,65205.14026334544,29045797.678743955,0.8219565788714078,585.8012577582194,91.37323425558203,Aura,0.9147332751452852
2024-04-13 06:01:00,0.6254943273100289,65061.38635004235,29040987.48569652,-0.058153475696443024,-143.75391330309503,-124.53970717871474,Aura,-0.016560719387492817
2024-04-13 07:01:28,0.6272285599461219,65218.30410270807,29097285.333555177,0.27725793190662706,156.91775266572222,-209.15720418328522,Aura,0.19385652050014635
2024-04-13 08:01:09,0.6268560918835266,62345.7182616332,29045920.897425786,-0.05938314776789966,-2872.5858410748697,-1930.6315201915133,Aura,-0.17652655751413393
2024-04-13 09:03:13,0.6251111951998362,62800.98120301208,29015758.13385551,-0.2783568200553921,455.2629413788818,-115.84854088149828,Aura,-0.10384509300563893
2024-04-13 10:03:18,0.6263833682392757,62851.34858540288,29047792.96321352,0.20351147911097378,50.36738239079568,-88.93663906878845,Aura,0.11040493655283257
2024-04-13 11:03:13,0.6295411787372557,62095.91775128674,29190390.45657313,0.5041338352990588,-755.4308341161377,-1599.8413621236505,Aura,0.4909064641854144
2024-04-13 12:04:22,0.6332019820443943,62505.2769372108,29313921.60761205,0.5815033918005863,409.35918592406233,-154.1888373411468,Aura,0.4231911567702529
2024-04-13 13:03:57,0.6455172468433924,72701.64761088164,29937091.51752566,1.9449188644729665,10196.370673670841,2390.812720045399,Aura,2.1258496841711993
2024-04-13 14:01:37,0.6374879068398668,73145.35714763933,29548393.48889996,-1.2438614216412458,443.70953675768396,-95.64835811723249,Aura,-1.298382738343673
2024-04-13 15:08:26,0.6339981617460798,78845.88495626312,29453615.133122075,-0.5474213795028993,5700.527808623796,1184.7431340509895,Aura,-0.3207563748380715
2024-04-13 16:00:18,0.6369133024903687,78960.6874958351,29549756.143768903,0.45980271240224635,114.8025395719742,-97.98610684087357,Aura,0.32641497558889565
2024-04-13 17:00:35,0.6240300171324136,90494.81977807118,28940580.32365553,-2.02276908137744,11534.132282236082,9946.931300683364,Aura,-2.0615257098892448
2024-04-13 18:00:47,0.6124560021647912,100800.98037835036,28380973.78080204,-1.854720870769655,10306.160600279181,-10.646415802323695,Aura,-1.9336396734106809
2024-04-13 19:00:45,0.613587749904583,86515.67892205542,28478946.72631824,0.1847884151337409,-14285.30145629494,-238.60934260919598,Aura,0.34520642692841275
2024-04-13 20:00:52,0.6018285876874465,84585.31833220164,28274711.83932052,-1.9164597433643515,-1930.360589853779,-86.48708537401464,Aura,-0.7171434005632582
2024-04-13 21:00:33,0.5524249737888676,77690.23716719158,25619760.08813951,-8.20891777315108,-6895.081165010066,257.1913559182409,Aura,-9.389845478421021
2024-04-13 22:00:52,0.5488633047612628,66788.68942630793,25676559.91914832,-0.6447335288223277,-10901.547740883645,58.10615538805961,Aura,0.22170321194812104
2024-04-13 23:00:42,0.5727283984289089,66470.34812416196,26479247.924468298,4.348094226854293,-318.341302145971,-97.07985224013551,Aura,3.126150885661949
2024-04-14 00:00:52,0.5866927534353403,66687.49870469866,26622027.28437446,2.4382159230689426,217.1505805367051,-168.2131344795259,Aura,0.5392122930131471
2024-04-14 01:00:45,0.5788874712641864,66989.14858507177,26978397.75175692,-1.3303866675445808,301.6498803731083,38.912767180984,Aura,1.3386300884441926
2024-04-14 02:00:52,0.5821335673760512,55776.61257857429,26906554.32501679,0.5607473426183951,-11212.536006497481,-3817.069601562177,Aura,-0.2662998277407125
2024-04-14 03:07:49,0.5715573408630321,59644.97614115153,26420351.33484632,-1.816804098875635,3868.3635625772367,-134.50034461727108,Aura,-1.8070057737508693
2024-04-14 04:04:28,0.5794782961186891,76262.30422610014,26874409.426172573,1.3858548721807251,16617.32808494861,329.56996714852664,Aura,1.7185921775664914
2024-04-14 05:04:26,0.5938257802019661,77781.380878078,27539801.32104089,2.4759312263074484,1519.0766519778554,-90.85847830522296,Aura,2.4759312263074484
2024-04-14 06:03:21,0.5987444435423784,79556.4913435918,27812292.38820808,0.8283007414631616,1775.1104655138042,16.854568411843474,Aura,0.989444564216968
2024-04-14 07:04:54,0.6132248958095259,106670.10079135996,27736520.629268423,2.4184695863691097,27113.60944776816,1427.4322344733712,Aura,-0.2724398186313537
2024-04-14 08:02:53,0.6190089930719321,105060.52697431653,28707720.771807183,0.9432260989290953,-1609.5738170434342,-105.93640555361739,Aura,3.5015211731853624
2024-04-14 09:03:14,0.6152179009682724,104047.25087380756,28531901.6564952,-0.612445400000694,-1013.2761005089706,-37.046931940641315,Aura,-0.6124454000007162
2024-04-14 10:03:18,0.6105879971427683,103100.63079377596,28317181.050315823,-0.7525632492515588,-946.6200800316001,-6.578268296655676,Aura,-0.7525632492515477
2024-04-14 11:03:48,0.6067345452999642,104181.04184926896,28138469.883355487,-0.631105075900007,1080.4110554930085,-214.13354504976718,Aura,-0.6311050758999959
2024-04-14 12:02:56,0.5995474951941829,102608.59319659427,27851579.7708102,-1.1845460525455986,-1572.4486526746914,-245.5417032878434,Aura,-1.0195654338510662
2024-04-14 13:04:50,0.6032965948672351,91133.2104844411,28059471.70707797,0.6253215471841544,-11475.38271215318,629.7778972072553,Aura,0.7464278076091402
2024-04-14 14:03:41,0.6028661241571739,87388.95964811496,27959064.48660373,-0.07135308134068596,-3744.2508363261295,-67.37145130366133,Aura,-0.35783717356628886
2024-04-14 15:03:36,0.6017771661605121,81671.60787948269,27908561.98591266,-0.18063015203982902,-5717.351768632274,52.69681489187186,Aura,-0.18063015203985122
2024-04-14 16:03:31,0.6067331176757949,82375.87359799615,28138403.67456616,0.823552602851807,704.2657185134594,-112.31804071208893,Aura,0.8235526028518292
2024-04-14 17:04:59,0.6087214088100201,71537.27261896308,28224036.766779896,0.32770440186977723,-10838.600979033072,-1638.9931234919156,Aura,0.30432818152772434
2024-04-14 18:00:47,0.6020690626211707,60962.99949233593,28192510.991033163,-1.0928392023954014,-10574.273126627144,-2.4387635721368595,Aura,-0.11169832298347782
2024-04-14 19:01:16,0.6077346655405235,61001.48335596136,28155820.25020925,0.9410220971473038,38.48386362542806,-100.36393861936969,Aura,-0.13014357194215398
2024-04-14 20:04:29,0.593934456654683,97821.09157915956,27544841.398477547,-2.2707621711140047,36819.6082231982,95575.44615990634,Aura,-2.169991306600849
2024-04-14 21:06:34,0.5831750217352349,98188.7442892771,27200921.00370831,-1.811552570977315,367.6527101175452,-99.001475768322,Aura,-1.2485836814012163
2024-04-14 22:06:25,0.589571733674506,98328.5031856786,27396078.981012005,1.0968768724417766,139.7588964014867,-61.98616450921761,Aura,0.7174682698320778
2024-04-14 23:07:01,0.5992320185556962,106537.04785574398,28026654.8733202,1.6385257856550428,8208.544670065385,5773.361110755068,Aura,2.3017012498220746
2024-04-15 00:02:34,0.5943431997311134,111780.70539143877,27678120.013950974,-0.8158473968674307,5243.657535694787,-36.11952244327594,Aura,-1.2435835134253281
2024-04-15 01:03:08,0.5867897273085214,108705.4647651675,27213490.97004216,-1.270894060201111,-3075.240626271261,-158.64686252558235,Aura,-1.6786871495412914
2024-04-15 02:08:28,0.5929392213088884,107014.0988943038,27490057.13541489,1.0479893757809,-1691.3658708637086,-45.000535684438624,Aura,1.0162833047666853
2024-04-15 03:07:30,0.6007260868674602,123112.184385266,27859816.1822302,1.313265386860829,16098.0854909622,-1051.780201331696,Aura,1.3450646719062487
2024-04-15 04:07:22,0.6039593303093466,103675.8595920478,27982020.509397324,0.5382225797361917,-19436.3247932182,-220.73687150021755,Aura,0.438640105763044
2024-04-15 05:04:25,0.6012622766212272,103288.83923448196,27884683.003074683,-0.4465621363507921,-387.0203575658379,-98.00877809110867,Aura,-0.34785731891645577
2024-04-15 06:00:43,0.5908028438600307,103348.92277460502,27542310.94400171,-1.739579076866915,60.0835401230579,-115.52464591293155,Aura,-1.2278140620613276
2024-04-15 07:00:55,0.6097419587668648,86765.11098471608,28074311.90085585,3.205657370078785,-16583.811789888932,-27701.2561109472,Aura,1.9315770486209027
2024-04-15 08:00:51,0.6407384424958128,149991.12646871552,29736413.50512469,5.083541206781139,63226.015483999436,-481.2514051959274,Aura,5.92036453159932
2024-04-15 09:02:21,0.6513897299911122,151701.2999134509,30190477.05018603,1.6623456294912353,1710.173444735381,-97.29514278000299,Aura,1.5269613633234203
2024-04-15 10:02:26,0.6524332148171663,160137.86417101417,30257832.70170873,0.16019362572208262,8436.564257563266,393.3162939428448,Aura,0.22310230941609
2024-04-15 11:00:36,0.6538522630042483,159993.21153822678,30378064.095013093,0.21750091118208914,-144.65263278738712,-101.71459172681234,Aura,0.3973562630530836
2024-04-15 12:00:48,0.6535524060208943,161814.6209189235,30316907.581764106,-0.045860051317436756,1821.409380696714,-1359.160891578,Aura,-0.20131800715710302
2024-04-15 13:00:39,0.6407477927129575,161221.64364297295,29686506.05499705,-1.9592328312119212,-592.9772759505431,-132.5559581626686,Aura,-2.0793727891503355
2024-04-15 14:06:37,0.6333456580082403,159106.26679618153,29466291.40716723,-1.1552337423397452,-2115.3768467914197,256.73826512162185,Aura,-0.7418004915157428
2024-04-15 15:04:31,0.6195223725472014,169065.13617679276,28731529.72255097,-2.1825815470987275,9958.869380611228,-570.7846450960608,Aura,-2.4935668844893732
2024-04-15 16:00:56,0.6317141196036447,176450.91958719172,29290197.41507234,1.967926841175438,7385.783410398959,-25.837129415732385,Aura,1.9444411693919639
2024-04-15 17:05:05,0.6316562120697584,176520.62254091314,29294259.63568973,-0.009166730976750692,69.70295372142573,-99.05625510730133,Aura,0.01386887414867033
2024-04-15 18:05:09,0.6257194596309907,145627.7547859224,28899299.70765113,-0.9398708229773622,-30892.86775499073,-44420.74410857382,Aura,-1.348250247490168
2024-04-15 19:07:24,0.6048013106333245,143371.11595929405,28226055.21346388,-3.3430555300297593,-2256.638826628361,-92.69527567163523,Aura,-2.32962217423216
2024-04-15 20:06:46,0.615126705624111,149010.43075955057,28608156.5769738,1.7072375355757785,5639.314800256514,-349.89886435137703,Aura,1.3537186143094404
2024-04-15 21:06:42,0.6114790839907148,150246.6831373172,28358506.899698604,-0.5929870382875402,1236.252377766621,-78.07796830724207,Aura,-0.8726520934806858
2024-04-15 22:07:01,0.6141498699020886,153105.12420229355,28506689.12593136,0.43677469619129994,2858.4410649763595,131.21824607855066,Aura,0.5225318341225194
2024-04-15 23:06:42,0.6098205745250713,159707.0360806859,28288047.741413027,-0.7049249033802663,6601.911878392362,130.96197291886313,Aura,-0.7669827371128979
2024-04-16 00:00:53,0.6062585688190885,154019.30619619697,28096433.81876077,-0.5841071709915546,-5687.729884488945,-186.15276891387362,Aura,-0.6773670788590258
2024-04-16 01:04:12,0.6032269992610435,153245.6296144163,27975800.756724734,-0.5000456428929434,-773.676581780659,-86.39744507047426,Aura,-0.4293536425803879
2024-04-16 02:03:39,0.6054015710277065,153746.98736807663,28084405.473708563,0.3604897939460505,501.3577536603261,-164.80198127574494,Aura,0.38820950266356125
2024-04-16 03:03:42,0.6062754352466057,138125.5618020757,28100810.30041044,0.14434455751670683,-15621.425566000922,-3215.824070127888,Aura,0.05841258315841813
2024-04-16 04:04:18,0.6107720955477963,139067.12309221906,28325718.964409526,0.7416860456108676,941.5612901433487,-106.0273711010895,Aura,0.8003636250866419
2024-04-16 05:04:53,0.6014642160361207,136921.2585742996,27858850.11170747,-1.523952973543674,-2145.8645179194573,-327.9049213665909,Aura,-1.648215366708472
2024-04-16 06:04:27,0.6027290294150235,137042.91856999937,27994064.504239187,0.2102890488212994,121.65999569976702,-105.66950963976625,Aura,0.48535525331998564
2024-04-16 07:04:03,0.6109629093958475,131327.8921664113,28334568.319961,1.3660997859710422,-5715.026403588068,-4797.539541010367,Aura,1.2163428989393488
2024-04-16 08:05:14,0.6187448079586055,147521.42328317504,28695468.68411487,1.2737104729406923,16193.531116763741,-383.350066529823,Aura,1.27371047294067
2024-04-16 09:05:26,0.6155680115967177,145306.5501230567,28548138.703570675,-0.5134259424929732,-2214.8731601183536,-113.67751816542034,Aura,-0.5134259424929843
2024-04-16 10:02:13,0.6135112542229585,137630.65244684886,28452752.66388131,-0.3341234981369845,-7675.897676207824,246.56150132758194,Aura,-0.3341234981369734
2024-04-16 11:03:09,0.6053303579895843,138774.51903309935,28073348.022980485,-1.3334549573561838,1143.8665862504859,-114.90205620895664,Aura,-1.333454957356206
2024-04-16 12:02:04,0.6129434983105188,138336.39630627763,28173210.50142466,1.2576835475787362,-438.12272682171897,-138.3019079399683,Aura,0.3557198748165957
2024-04-16 13:03:37,0.6216509704729837,140328.0221284386,28830247.50463932,1.4205994820837065,1991.625822160975,-554.5817188277038,Aura,2.332133936888159
2024-04-16 14:03:25,0.6185457796789932,217855.99804776843,28686238.36865782,-0.4995071095325265,77527.97591932982,3792.697868076926,Aura,-0.49950710953253763
2024-04-16 15:06:59,0.6142363527008522,204648.60870676264,28557105.29315277,-0.6967029959168758,-13207.389341005794,-117.03564317833923,Aura,-0.45015687956543315
2024-04-16 16:03:02,0.6065745878614505,196726.12265447943,28131051.55255316,-1.2473642769126658,-7922.486052283202,-40.01474592949439,Aura,-1.4919360216168909
2024-04-16 17:04:44,0.6129496203322162,198955.2877004925,28327292.668783773,1.0509890454266646,2229.165046013077,-128.1371911708276,Aura,0.6975960918631285
2024-04-16 18:04:47,0.62406644601235,204487.63154931893,28478930.9543211,1.8136605866740707,5532.343848826422,148.1800914078198,Aura,0.5353080765972074
2024-04-16 19:01:47,0.6284537508368939,205192.5762559703,29137518.00042497,0.7030188616256927,704.9447066513821,-87.25775682216639,Aura,2.312541321021544
2024-04-16 20:03:38,0.6325251169620033,193454.26869412343,29227873.080764525,0.6478386229197719,-11738.307561846887,-1765.138762103204,Aura,0.3100987542529854
2024-04-16 21:04:24,0.6335391734312412,191018.31406225235,29379299.861473724,0.1603187671200157,-2435.954631871078,-79.24782070126804,Aura,0.5180903184120345
2024-04-16 22:06:30,0.6409345463761781,191183.63143244697,29763854.9283594,1.1673110764222505,165.31737019462162,-106.7865537408486,Aura,1.3089320327539733
2024-04-16 23:06:56,0.6321269027583198,180722.7748185609,29331209.523053184,-1.374187686973083,-10460.856613886077,-6427.741967810716,Aura,-1.453593314265167
2024-04-17 00:07:09,0.6300564485307891,179947.814826356,29256420.366019454,-0.32753774890709186,-774.9599922048801,-92.5918113515085,Aura,-0.2549814966714803
2024-04-17 01:05:44,0.6330330564246718,180776.93935169137,29360985.98315988,0.4724351128892801,829.1245253353554,-206.98933282689458,Aura,0.35741083779980976
2024-04-17 02:05:54,0.632016974915726,181052.6483560406,29308902.95492603,-0.1605100237078605,275.7090043492208,-66.74697274963553,Aura,-0.17738855317639413
2024-04-17 03:05:41,0.6304019573053552,186177.0678915611,29208880.726383444,-0.2555338977384469,5124.419535520516,1758.6333615095796,Aura,-0.34126909729923494
2024-04-17 04:04:58,0.6318592079737887,186088.81523536172,29236962.531951148,0.23116214211365005,-88.25265619938727,-101.72219810629582,Aura,0.09614132712156831
2024-04-17 05:04:49,0.6328325440607819,184861.24940750207,29343962.369168658,0.15404319106380182,-1227.565827859653,1290.9675705241557,Aura,0.36597453343718556
2024-04-17 06:04:48,0.6308700515702936,184475.31225319568,29314530.571670312,-0.31011244742492616,-385.93715430638986,-68.56077730843172,Aura,-0.10029932947729359
2024-04-17 07:04:36,0.6297201062446651,201776.06450783223,29222953.91865901,-0.18227927015495027,17300.75225463655,-4582.790024642649,Aura,-0.3123933804343504
2024-04-17 08:04:38,0.6366980262665742,132920.04831176202,29477408.507022128,1.108098654102374,-68856.01619607021,-497.9943483533614,Aura,0.8707353441112842
2024-04-17 09:06:04,0.6360438020721374,130018.26073788654,29497742.47690725,-0.10275266569821362,-2901.787573875481,-95.78571672573602,Aura,0.06898153845606991
2024-04-17 10:09:49,0.6355020316372803,129674.6765824239,29472616.841350462,-0.08517816431701242,-343.5841554626386,-88.15956899960926,Aura,-0.08517816431700131
2024-04-17 11:11:46,0.6335837413957006,126425.1704117994,29416080.65860269,-0.3018543051133027,-3249.5061706245033,845.7671778400314,Aura,-0.19182613831715267
2024-04-17 12:05:32,0.630392749500715,125843.42541348346,29389442.11192876,-0.5036416950908951,-581.7449983159313,-82.0974336477678,Aura,-0.09055777002752174
2024-04-17 13:05:50,0.6308614224999164,123140.39896879804,29196199.569276143,0.07434619125499253,-2703.026444685427,364.6411146654123,Aura,-0.6575236845825838
2024-04-17 14:05:48,0.6290020025432919,62661.80241035108,29186838.80485341,-0.29474301174673423,-60478.59655844695,2137.440061948241,Aura,-0.03206158527764291
2024-04-17 15:06:19,0.6135455469892551,44190.95652699115,28454343.056218665,-2.457298306132649,-18470.845883359936,-69.45887151083345,Aura,-2.5096782612611612
2024-04-17 16:06:27,0.6100941488313785,43939.07422131813,28315586.49080401,-0.5625333236975005,-251.88230567301798,-98.63632501043207,Aura,-0.48764635029706627
2024-04-17 17:02:39,0.6133175997016501,85966.54472233182,28430604.983905867,0.5283530216518395,42027.47050101369,-16785.360406209642,Aura,0.40620205108310437
2024-04-17 18:03:15,0.641919270633542,139197.46078347272,29561256.182483204,4.663435542336503,53230.9160611409,26.65743483148002,Aura,3.976880545515593
2024-04-17 19:03:41,0.6269413135746392,159174.54319153208,29075597.23985994,-2.3333085240018314,19977.08240805936,-62.47090246368533,Aura,-1.6428900707915362
2024-04-17 20:03:44,0.6236063197995386,157477.38360922382,28917158.3618608,-0.531946723383947,-1697.1595823082607,-108.49553276920744,Aura,-0.5449204592156476
2024-04-17 21:00:28,0.6173745203126745,155942.9663689699,28792698.72143101,-0.9993162816033352,-1534.4172402539116,-9.589100739307476,Aura,-0.4304006599553767
2024-04-17 22:05:23,0.6257573462447816,163109.5929029228,29020688.50042496,1.3578185779130614,7166.626533952891,-567.058525278755,Aura,0.7918319196118073
2024-04-17 23:05:09,0.6264954933602568,163231.96065344606,29054921.47848626,0.11796059924902291,122.36775052326266,-98.29253345428943,Aura,0.11796059924904512
2024-04-18 00:02:38,0.6149317264551112,160952.08614636413,28531582.10198337,-1.8457861273865617,-2279.8745070819277,-1963.133462315721,Aura,-1.8012073338088297
2024-04-18 01:02:39,0.6175525655501516,163472.95526788672,28640176.172152568,0.42620001250361916,2520.8691215225845,-210.57052103929666,Aura,0.38061005443386087
2024-04-18 02:03:07,0.6132482542162926,172353.22728848373,28389725.31854264,-0.6969951343371861,8880.27202059701,252.27025254025875,Aura,-0.8744738583467471
2024-04-18 03:03:42,0.6153024876060778,167436.3878376882,28535824.522893462,0.33497582352035593,-4916.839450795524,-155.36811754630202,Aura,0.5146199997060119
2024-04-18 04:03:32,0.6186476795809256,170210.40506559197,28690964.170647923,0.5436662523278235,2774.017227903765,-156.41870668473712,Aura,0.5436662523278235
2024-04-18 05:00:18,0.6166964547734435,170421.61627168814,28670649.85322657,-0.31540162064519484,211.21120609616628,-92.3860888832413,Aura,-0.0708038855039117
2024-04-18 06:00:49,0.6124679682297628,180444.59108795464,28431928.96836384,-0.685667399407075,10022.974816266506,4645.474921298901,Aura,-0.832631579977472
2024-04-18 07:07:05,0.6168501458943764,163580.71625114576,28534814.957840454,0.7154949959717216,-16863.874836808885,-268.2521920482144,Aura,0.36186777756477273
2024-04-18 08:08:07,0.616839529735651,162284.3290890036,28584991.259786,-0.0017210271888501438,-1296.3871621421713,-92.31263766668536,Aura,0.17584239470163077
2024-04-18 09:08:34,0.6182421461083328,162640.8242118364,28659935.13032246,0.22738756273983363,356.4951228328282,-127.49912474015477,Aura,0.26217909201144973
2024-04-18 10:07:51,0.621006338356434,163509.84335480476,28860430.893700268,0.44710511334451475,869.0191429683473,143.76747038299814,Aura,0.6995680990417918
2024-04-18 11:07:55,0.625161515813587,166321.32894342206,28846331.32710325,0.6691038722970388,2811.4855886173027,223.5240111068194,Aura,-0.04885431769522386
2024-04-18 12:07:58,0.6213094289412056,165410.08271478224,29103452.82136636,-0.6161746644574473,-911.2462286398222,-132.41155609436987,Aura,0.8913490292664195
2024-04-18 13:08:09,0.6328672163946774,166437.36252179422,28927933.397604063,1.860230493068138,1027.2798070119752,-212.7335043729455,Aura,-0.60308797323676
2024-04-18 14:08:12,0.6382586693427841,171409.74304806077,29471432.21705793,0.8519090274292873,4972.3805262665555,384.03370652535284,Aura,1.8788027889295345
2024-04-18 15:07:53,0.6423839998184335,172465.39172603417,29791781.22040828,0.6463414715380589,1055.6486779733968,-78.76975278949504,Aura,1.0869814571309977
2024-04-18 16:08:04,0.6457256634920597,173498.3023168533,29664546.08712174,0.5201972145275624,1032.9105908191414,-2.1539445488538256,Aura,-0.4270813226816328
2024-04-18 17:08:37,0.6407551074719448,129261.10601483451,29711440.518134672,-0.76976281122767,-44237.1963020188,-4382.771102863497,Aura,0.15808241553809665
2024-04-18 18:07:55,0.6255760516416914,69307.61618542683,29115722.69466762,-2.3689324756444474,-59953.489829407685,35.52732731995418,Aura,-2.0050115816614533
2024-04-18 19:08:01,0.6291161470477082,49004.986629808925,29002586.35485725,0.5658936905795331,-20302.629555617903,-66.13603375985747,Aura,-0.3885747264349648
2024-04-18 20:08:58,0.6264348507544764,48472.02393486056,29063224.951090813,-0.42620052049443524,-532.9626949483645,-97.37490804583543,Aura,0.20907996097874193
2024-04-18 21:09:01,0.6297826126771401,48716.63804392479,29139848.449137524,0.5344150183585139,244.6141090642268,-145.89704145952015,Aura,0.2636441694810365
2024-04-18 22:08:28,0.6291868073973064,43098.63772439895,29202840.53156014,-0.09460491093918888,-5618.00031952584,-2396.678773361661,Aura,0.2161716198784136
2024-04-18 23:09:00,0.6284774890969839,42976.69551417419,29195306.90149668,-0.1127357236329618,-121.9422102247554,-97.82943746370154,Aura,-0.025797593406440278
2024-04-19 00:08:56,0.6337687805728285,47553.15445514709,29446271.312510863,0.8419221957253198,4576.458940972894,-3852.9735868637144,Aura,0.8596053189676045
2024-04-19 01:09:28,0.6306015580175837,44615.07324040562,29153671.575459182,-0.4997441736372954,-2938.081214741469,-164.1998814506325,Aura,-0.9936733039859091
2024-04-19 02:08:46,0.6098127553012288,34712.503367454374,28309712.25964802,-3.2966621239738814,-9902.569872951244,237.0420743737883,Aura,-2.894864592360935
2024-04-19 03:09:09,0.60641554560773,34502.38619246879,28152368.695617378,-0.5570906256004204,-210.11717498558573,-97.8781550882108,Aura,-0.5557935827377403
2024-04-19 04:09:02,0.6193852434471515,33501.19210908461,28583073.002563164,2.138747585440548,-1001.19408338418,376.49321548933966,Aura,1.5299043274210833
2024-04-19 05:09:14,0.6205638263658324,33025.21915014569,28682889.391790133,0.19028269258103414,-475.97295893891715,-52.459471461311466,Aura,0.34921503792828545
2024-04-19 06:08:53,0.6185064810023516,21813.38745266756,28776166.56635268,-0.33152840627677094,-11211.83169747813,2255.5606441325112,Aura,0.32520145822283464
2024-04-19 07:08:25,0.6583300564485597,157411.9500545404,30343102.77420881,6.4386674464057325,135598.56260187284,-1309.4238145973322,Aura,5.445256942904653
2024-04-19 08:08:26,0.6521674407662114,155934.48780313184,30266095.144854527,-0.9360981808415825,-1477.4622514085495,-101.0895854816297,Aura,-0.2537895676896218
2024-04-19 09:09:32,0.6697735594683624,159201.8271869826,31040322.647640105,2.6996316592355685,3267.3393838507764,-321.1453714459259,Aura,2.558068687354953
2024-04-19 10:09:54,0.6693884607750709,159489.71580543602,30955551.08200666,-0.05749684917349951,287.8886184534058,-91.18889761264684,Aura,-0.27310143195270475
2024-04-19 11:09:23,0.6558801405896173,162694.25230881205,30334037.4966655,-2.018009119818487,3204.5365033760318,1013.1167743245395,Aura,-2.007761333967728
2024-04-19 12:01:50,0.6564482992379802,162877.2977000501,30625950.24999123,0.08662537759600575,183.0453912380617,-94.28792928258984,Aura,0.9623273966013146
2024-04-19 13:01:56,0.6586885638974938,163142.98106963068,30682786.871495187,0.34127054059156503,265.683369580569,45.14616717939188,Aura,0.18558320979435994
2024-04-19 14:01:51,0.6580351864559246,220399.30509432647,30563387.129523203,-0.09919368232280679,57256.32402469579,21450.586367180462,Aura,-0.38914242852857717
2024-04-19 15:07:42,0.6742936665355295,224912.28714816103,31270380.98195768,2.470761505501029,4512.982053834567,-92.11793259398206,Aura,2.3132051740153647
2024-04-19 16:07:37,0.6641994921991081,224818.57896325103,30811074.7355616,-1.4969997253992395,-93.70818491000682,-102.07641386099431,Aura,-1.468822035334616
2024-04-19 17:08:21,0.6606015660153197,223596.95151721107,30636655.542712912,-0.541693606521132,-1221.6274460399582,1203.6507400214346,Aura,-0.5660925311617881
2024-04-19 18:09:14,0.661185937156217,223610.36459805784,30732779.825824164,0.0884604534654887,13.413080846774392,-101.09796819728096,Aura,0.3137557981067296
2024-04-19 19:06:49,0.6616093473951441,224107.44920071648,30683393.32322148,0.06403799825933643,497.08460265863687,3605.9688846815297,Aura,-0.160696503481228
2024-04-19 20:07:52,0.6640143754435419,224673.9215475921,30802945.60680368,0.3635118001078297,566.4723468756129,13.958940559787703,Aura,0.38963188433178697
2024-04-19 21:07:18,0.6744626232721815,253300.41707735416,31164299.80858899,1.5734972336495678,28626.49552976206,4953.467426548171,Aura,1.1731157350922006
2024-04-19 22:04:57,0.6743773270227232,252753.8231142664,31256651.64954723,-0.012646549492167924,-546.5939630877692,-101.90939880335507,Aura,0.29633857178075207
2024-04-19 23:07:17,0.6803637407940567,256655.0759506116,31598438.367225856,0.887694993804522,3901.2528363452,-813.7387347468301,Aura,1.093484745297646
2024-04-20 00:09:23,0.6651122029588683,246360.1764533599,30953556.19496304,-2.241674110585057,-10294.899497251696,-363.88701089407573,Aura,-2.0408672250451843
2024-04-20 01:09:20,0.6594149769799371,247372.5790429135,30581431.72739581,-0.8565811833832093,1012.4025895536179,-109.83402110748032,Aura,-1.202202632949123
2024-04-20 02:09:31,0.6624530374217792,252836.3733022188,30708380.713352684,0.4607205701872452,5463.794259305287,439.68592294043304,Aura,0.4151178633116315
2024-04-20 03:09:14,0.6652263058000539,253941.61782368267,30864312.69563134,0.41863622349262997,1105.244521463872,-79.77148353304939,Aura,0.5077831479757933
2024-04-20 04:08:47,0.6631968443242413,254218.1375687879,30769197.4783233,-0.30507835575922515,276.51974510523723,-74.98112501485255,Aura,-0.30817215418343924
2024-04-20 05:08:21,0.6678060933767159,265784.6197714532,30985344.565235347,0.6950046719795822,11566.482202665298,4082.8775005789744,Aura,0.7024787925142384
2024-04-20 06:09:17,0.6681475205197004,261625.3098885589,31094324.345902286,0.051126688775493534,-4159.309882894304,-135.96002492387757,Aura,0.35171395443900355
2024-04-20 07:08:05,0.6709271550535176,130723.7568417749,31119274.919597782,0.4160210804427189,-130901.553046784,3047.1940473859245,Aura,0.08024156890478196
2024-04-20 08:08:19,0.6681094378451579,130625.50663057936,31028396.08982784,-0.41997364201706855,-98.25021119554003,-99.92494343351265,Aura,-0.2920338921929999
2024-04-20 09:08:18,0.6690018995533203,129852.18775438346,31034493.523144297,0.13358016780018467,-773.3188761959027,687.0913118515584,Aura,0.019651139230036918
2024-04-20 10:08:23,0.666177936275717,132485.77648331056,30873896.290551133,-0.4221158833015104,2633.588728927105,-440.5566332328794,Aura,-0.5174797921976615
2024-04-20 11:08:39,0.6679647929468582,128228.0106624124,30980995.17345778,0.2682251353340659,-4257.765820898159,-261.67162982326124,Aura,0.3468913735368728
2024-04-20 12:08:42,0.6703576523741396,88187.43990804086,30999563.089780778,0.35823136975901004,-40040.57075437154,840.4127055988517,Aura,0.059933246879384505
2024-04-20 13:08:47,0.673590726708633,66898.37968835313,31172263.96831756,0.48229095663234745,-21289.06021968773,-46.83127683097914,Aura,0.5571074599877601
2024-04-20 14:08:14,0.6760023231750091,63457.781269171246,31325788.85763844,0.3580210312811083,-3440.598419181886,-83.83865523570606,Aura,0.4925047775705904
2024-04-20 15:07:59,0.6688207674875101,63335.57672860872,31109649.75318192,-1.0623566578542354,-122.20454056252493,-96.44816030021943,Aura,-0.6899717847131503
2024-04-20 16:07:55,0.6828527464439117,65064.95632152106,31663739.96450917,2.098017830563803,1729.379592912337,-1515.1516669935145,Aura,1.7810879123464796
2024-04-20 17:08:31,0.6834798378375712,65213.93058839958,31660422.49427293,0.09183405894246377,148.9742668785184,-91.3856814611973,Aura,-0.010477190123336921
2024-04-20 18:07:59,0.6970205936449949,67315.66906108506,32027590.83733288,1.9811492684648435,2101.738472685487,1310.8063873872643,Aura,1.1597076543320428
2024-04-20 19:08:08,0.6920819449191756,67101.2627381041,32273185.971457604,-0.7085369888417681,-214.40632298096898,-110.20137975144986,Aura,0.7668236283275176
2024-04-20 20:08:11,0.6861623720748196,44392.63334880434,31768293.522455283,-0.855328315933368,-22708.629389299756,10491.399112476458,Aura,-1.5644332401791639
2024-04-20 21:07:52,0.6873790968734651,41238.75103069412,31815291.79041951,0.1773231596723157,-3153.88231811022,-86.1115249888383,Aura,0.1479408011985539
2024-04-20 22:07:49,0.6863703557315677,40854.68129530386,31818820.665770527,-0.14675179191303567,-384.06973539025785,-87.82231875980746,Aura,0.011091758561443399
2024-04-20 23:07:55,0.6847661472604983,39179.94860477404,31789339.63760809,-0.23372344939919243,-1674.7326905298178,336.0491171813114,Aura,-0.09265279964996154
2024-04-21 00:08:29,0.6864190796242249,39544.36384310671,31812302.653288484,0.2413864018160572,364.41523833266547,-121.75960619825122,Aura,0.07223495656774048
2024-04-21 01:08:00,0.6844343270888117,36859.40230041042,31598058.81865849,-0.2891458868683694,-2684.961542696292,-836.786297680905,Aura,-0.6734622041194682
2024-04-21 02:07:54,0.6862772213271454,35174.79915042602,31761174.13415325,0.26925800845967185,-1684.6031499843957,-37.25782946251499,Aura,0.5162194185120095
2024-04-21 03:08:47,0.6909966974891296,31928.911616306177,32050288.94634765,0.6876923807637825,-3245.8875341198436,92.67965479881181,Aura,0.9102774695080029
2024-04-21 04:08:23,0.6988077154542544,42054.285813070426,32521747.583763096,1.130398740472649,10125.374196764249,-411.94470203693766,Aura,1.4709965273781878
2024-04-21 05:07:53,0.7006595886796876,28697.648558765315,32465644.50071747,0.26500469077239686,-13356.637254305111,-231.91252979641456,Aura,-0.17250943511301076
2024-04-21 06:07:56,0.6993123784463785,28775.384082324108,32382263.904345773,-0.19227742759472255,77.73552355879292,-100.58199921191793,Aura,-0.2568271711650527
2024-04-21 07:07:55,0.6995421278822372,27805.20319432274,32517735.594084788,0.03285362063363273,-970.1808880013668,-1348.053455596269,Aura,0.41835150914459884
2024-04-21 08:08:44,0.6991809732610388,27764.70652373416,32438319.44024703,-0.05162728687860829,-40.496670588581765,-95.82586390956355,Aura,-0.24422412073553668
2024-04-21 09:08:18,0.6994512515620009,26864.299901735776,32411354.75938429,0.03865641533429276,-900.4066219983833,2123.4090084735444,Aura,-0.08312601061966074
2024-04-21 10:08:12,0.6933978709885262,23393.12473950214,32210346.281707466,-0.8654471001312003,-3471.175162233638,285.5119539802618,Aura,-0.6201791908085008
2024-04-21 11:08:49,0.6949051781484575,26495.26292292109,32205080.808406264,0.21737983674257055,3102.1381834189524,-189.3685290552374,Aura,-0.01634714900345946
2024-04-21 12:08:41,0.6973933931737407,26804.6817454633,32387841.955344964,0.3580654028097596,309.41882254220764,-90.02562734967569,Aura,0.5674916576858813
2024-04-21 13:08:44,0.696420328608526,26672.906926224103,32248669.57846826,-0.1395287903125153,-131.7748192391955,-142.58784845618763,Aura,-0.42970561937590857
2024-04-21 14:07:57,0.6964523189587878,26250.262857948383,32252395.583867986,0.00459354055986072,-422.6440682757202,220.73204176326252,Aura,0.011553981756229348
2024-04-21 15:07:48,0.6970341619448802,26162.60970139052,32364393.07301762,0.08354383641975272,-87.65315655786253,-79.26076262812228,Aura,0.3472532415720764
2024-04-21 16:07:59,0.6949106521074291,27975.83944141377,32318907.77634737,-0.30464932041868176,1813.2297400232492,-2168.6416909883683,Aura,-0.14054116994448584
2024-04-21 17:08:24,0.693112172522388,43779.79057613684,32129319.642097704,-0.2588073127943735,15803.95113472307,771.5912157121597,Aura,-0.5866167741857109
2024-04-21 18:07:58,0.6959994835962104,45348.61599274434,32178753.83990339,0.41657197612254837,1568.8254166074985,-90.0732076223609,Aura,0.15386008280398045
2024-04-21 19:07:57,0.6941233118065002,45010.59314004536,32196355.647891443,-0.2695651123210796,-338.022852698974,-121.54623765784791,Aura,0.05470009210308824
2024-04-21 20:08:03,0.6920385650689889,44357.16382194989,32204793.17088853,-0.3003424178458558,-653.4293180954701,93.30921352745965,Aura,0.026206453579291633
2024-04-21 21:07:53,0.6961405857677578,44706.47210552706,32214616.426855665,0.592744524051203,349.3082835771638,-153.45769984660035,Aura,0.0305024656268138
2024-04-21 22:07:56,0.6935644277408766,45020.112800608505,32222403.59594536,-0.3700628981486709,313.64069508144894,-10.210919744145075,Aura,0.024172782275311278
2024-04-21 23:08:10,0.694732376822424,45264.27315802206,32226864.873218875,0.1683980658223394,244.16035741355154,-22.152845200733328,Aura,0.013845265329859302
2024-04-22 00:08:05,0.6934079375185468,45038.3678410038,32109490.3753152,-0.1906402160116505,-225.90531701825967,-192.5233397474218,Aura,-0.364213206482944
2024-04-22 01:08:27,0.7059030850347149,45308.3034148412,32763984.697681144,1.801990839747769,269.9355738373997,-219.49058012458428,Aura,2.038320492526724
2024-04-22 02:08:19,0.7063185293859683,45223.23346502756,32750599.35575343,0.058852887890825656,-85.06994981363823,-131.51490876296342,Aura,-0.040853827918740926
2024-04-22 03:06:55,0.6956505291029742,45343.64076951647,32262335.26492493,-1.5103667593526438,120.40730448890827,-241.53917423565332,Aura,-1.4908554360325788
2024-04-22 04:08:02,0.7060143485635663,35708.091102218656,32811799.575747028,1.4898025699708661,-9635.549667297812,-8102.4627311422155,Aura,1.7031138828300207
2024-04-22 05:08:22,0.7049593197456109,35698.89619044256,32684851.331355084,-0.14943447255737485,-9.194911776095978,-99.90457304363962,Aura,-0.38689814650025856
2024-04-22 06:10:53,0.7100919714931858,35921.52696899453,32802443.802608144,0.7280777207721911,222.63077855196752,-2521.238876165631,Aura,0.35977667470756813
2024-04-22 07:07:51,0.7126972329251123,36259.97164798827,33087357.722075667,0.36689070381237254,338.44467899374285,52.02061511667466,Aura,0.8685752841526728
2024-04-22 08:08:00,0.7134611486722872,36274.610435773575,33044145.36864582,0.10718657402941645,14.638787785304885,-95.67468815617706,Aura,-0.13060079862773355
2024-04-22 09:08:28,0.7079554369189329,36219.38391521656,32799187.298068646,-0.7716904786756906,-55.22652055701474,-477.2615695163896,Aura,-0.7413055106869404
2024-04-22 10:08:05,0.7081061144130147,36092.11155927383,32822651.405239843,0.021283471561095446,-127.27235594273225,130.45514122393217,Aura,0.07153868465692437
2024-04-22 11:08:23,0.7084392984897705,32082.128172636247,32860938.983309075,0.04705284560801992,-4009.983386637581,3050.710424848207,Aura,0.1166498635241986
2024-04-22 12:08:05,0.7074493503060634,31728.80190147402,32680651.67136725,-0.13973648636057545,-353.3262711622265,-91.18883453882599,Aura,-0.5486371282129143
2024-04-22 13:08:21,0.7085726080442908,38018.45115683761,32848029.062958505,0.1587757113270971,6289.649255363591,-1880.1249917461575,Aura,0.5121605079188241
2024-04-22 14:08:29,0.7058546658999151,37715.93943575856,32677139.16963862,-0.3835799060702305,-302.5117210790486,-104.80967552874394,Aura,-0.520243978694579
2024-04-22 15:08:54,0.7041284550825277,37595.53397977084,32617362.712409373,-0.2445561247635175,-120.40545598772587,-60.198085694582716,Aura,-0.18293050967198576
2024-04-22 16:08:28,0.7016242727057204,35139.17563095145,32509952.66509591,-0.3556428317492033,-2456.3583488193835,1940.072294622417,Aura,-0.32930328629113825
2024-04-22 17:09:17,0.70281734729946,35341.700976064814,32528473.312348142,0.170044657824997,202.52534511336125,-108.24494297465606,Aura,0.05696916093056448
2024-04-22 18:09:03,0.7008298685393745,8987.642269723097,32842611.86940297,-0.28278737964029244,-26354.05870634172,-13112.721292532711,Aura,0.9657340940608439
2024-04-22 19:08:50,0.6882616610429377,65843.47022751707,31935963.2506704,-1.7933321709918792,56855.827957793976,-315.7384127861583,Aura,-2.760586223586037
2024-04-22 20:09:14,0.6871122030285294,64977.29736555692,31850410.78113212,-0.1670088687878657,-866.172861960149,-101.52345483844354,Aura,-0.2678875500537248
2024-04-22 21:09:11,0.6857249013942738,65267.62297506663,31801600.605293363,-0.20190321582718163,290.32560950970947,-133.51820661440522,Aura,-0.15324818312130173
2024-04-22 22:09:04,0.6829132493264759,81432.60633799533,31624602.334030643,-0.41002624552222144,16164.983362928695,5467.880625559517,Aura,-0.556570323171901
2024-04-22 23:09:27,0.6832020127025882,81399.11809009509,31850642.41054109,0.04228404945973985,-33.48824790024082,-100.20716537189294,Aura,0.7147602177663082
2024-04-23 00:08:50,0.6934000165332463,102072.913637488,32104411.80986588,1.4926776621042581,20673.795547392918,-61834.479537355095,Aura,0.796748134790537
2024-04-23 01:08:40,0.6941822515071723,105318.6692223404,32300107.224324554,0.11281150205861845,3245.7555848523916,-84.3001466401669,Aura,0.6095592581407683
2024-04-23 02:08:45,0.6945096272020036,105700.20485923,32191036.19340724,0.047159905647342626,381.53563688960276,-88.24509033674038,Aura,-0.3376800892944787
2024-04-23 03:08:29,0.6954046254306526,114771.5825812642,32261541.511417232,0.12886764899930903,9071.377722034202,2277.596440528307,Aura,0.21902158596693866
2024-04-23 04:09:07,0.6933023659847654,114172.56213708606,32188582.19467719,-0.3023073717097202,-599.0204441781389,-106.60341199025514,Aura,-0.2261495059503682
2024-04-23 05:08:39,0.6904136830755381,113694.8221226142,32020507.540546104,-0.41665556775133394,-477.74001447185583,-20.24645917931579,Aura,-0.5221561270221997
2024-04-23 06:08:59,0.6919567644961356,113955.1662268953,32089656.506929424,0.22350099055448158,260.3441042810882,-154.49493372852595,Aura,0.21595212473055625
2024-04-23 07:08:44,0.6865052087564937,114172.3332190866,31960290.447618503,-0.787846296092165,217.1669921913126,-16.584632177096726,Aura,-0.4031394330537119
2024-04-23 08:09:01,0.6819359249001844,113406.29284022863,31624905.10818464,-0.6655861890088044,-766.0403788579715,-452.7425467048559,Aura,-1.0493813877678781
2024-04-23 09:08:34,0.6822271529831684,113447.35509211983,31676775.67120939,0.04270607726475362,41.062251891198684,-105.36032473280524,Aura,0.16401808273356355
2024-04-23 10:08:41,0.6842746404770056,114003.29265236296,31689266.352428835,0.3001181475823955,555.9375602431246,1253.8896057531729,Aura,0.039431668642953
2024-04-23 11:09:48,0.685494010071327,83548.53268049128,31792932.39509058,0.17819885791345857,-30454.75997187168,-5578.090014021196,Aura,0.32713298411151115
2024-04-23 12:08:47,0.6846157492165582,83531.18504532991,31701502.505702414,-0.12812086493322328,-17.34763516136445,-99.94303801711986,Aura,-0.2875792904283525
2024-04-23 13:08:45,0.686905308769795,109891.36004053603,31817818.69363015,0.334429868996855,26360.174995206122,-152052.5557807085,Aura,0.36691064692222497
2024-04-23 14:09:22,0.690059834534167,110432.71031666224,31901909.94563349,0.45923735398427645,541.3502761262062,-97.94633276818286,Aura,0.264289808214202
2024-04-23 15:09:04,0.6971180155698029,111581.60124561338,32409889.944254555,1.0228360907863276,1148.8909289511357,112.22690365512852,Aura,1.5923184520511668
2024-04-23 16:09:33,0.6960951403283573,114554.91110976951,32297935.81781521,-0.14672913604298898,2973.3098641561373,158.7982713790403,Aura,-0.3454319858287258
2024-04-23 17:09:04,0.6952133915357422,114445.00684605735,32260349.66105174,-0.12667072954986036,-109.90426371216017,-103.69636091539192,Aura,-0.1163732474282142
2024-04-23 18:09:14,0.7046986857790457,115224.62537630564,32768717.62057998,1.3643716244231552,779.6185302482918,-809.3614969207351,Aura,1.5758290436076683
2024-04-23 19:08:49,0.7071484908575117,90792.27649106436,32601351.10948381,0.34763866144547073,-24432.348885241285,-3233.8850908867066,Aura,-0.5107508723229959
2024-04-23 20:08:54,0.7007042472980742,100713.65054284144,32511282.99449786,-0.9112999098142782,9921.374051777078,-140.60753265425998,Aura,-0.27627111122933146
2024-04-23 21:09:00,0.6933420745989051,100034.78350942153,32196181.05119045,-1.0506819000395407,-678.8670334199123,-106.8424699026272,Aura,-0.9692079619273652
2024-04-23 22:02:41,0.6931462731755427,83396.17355966808,32216031.36952229,-0.02824023386661656,-16638.609949753445,2350.9379791110955,Aura,0.06165426359192594
2024-04-23 23:02:44,0.6954705899437793,83627.67590297722,32318841.20115705,0.33532846647044146,231.502343309141,-101.39135627319979,Aura,0.31912630843793366
2024-04-24 00:01:38,0.696342908268539,63245.25619365794,32294228.34843753,0.12542849940357925,-20382.419709319285,-8904.411833577527,Aura,-0.07615635896821571
2024-04-24 01:00:43,0.7024797889922845,63004.92419358352,32523050.53561088,0.8813015327469698,-240.33200007441337,-98.82088582463776,Aura,0.7085544348806927
2024-04-24 02:07:05,0.7039386819315414,62913.01272627367,32593910.36540648,0.2076775676848719,-91.91146730985201,-61.756458864656516,Aura,0.21787571777134307
2024-04-24 03:03:10,0.7038527027057051,52856.56189969068,32642509.36562589,-0.012214022050949236,-10056.450826582994,10841.453902243426,Aura,0.14910454031005216
2024-04-24 04:03:32,0.7046048529794872,52881.341243716844,32677391.76681851,0.10686188614332792,24.779344026166655,-100.24640247790668,Aura,0.10686188614332792
2024-04-24 05:03:34,0.709167361124442,53210.05929289972,32888986.769977435,0.6475272098484419,328.7180491828767,1226.5809168949543,Aura,0.6475272098484419
2024-04-24 06:03:15,0.708938060053126,53490.469157896245,32832109.87074324,-0.03233384443306342,280.40986499652354,-14.69593297552022,Aura,-0.1729360032645122
2024-04-24 07:03:33,0.7076445470626859,52761.73275153037,32812634.77484054,-0.182457828592697,-728.7364063658752,-359.8825852203559,Aura,-0.05931722322863875
2024-04-24 08:00:36,0.6884899416553774,87614.39572240545,31909819.97631112,-2.706811701837608,34852.66297087508,-4882.615863077475,Aura,-2.7514242752053053
2024-04-24 09:01:50,0.6876797194790574,94297.57305345056,32064105.70841752,-0.11768104765218501,6683.17733104511,-80.82448581725315,Aura,0.48350549210536276
2024-04-24 10:02:50,0.6841720584808492,97849.62386702784,31729782.01377821,-0.5100718981309149,3552.0508135772834,-46.85086692108143,Aura,-1.042672755883356
2024-04-24 11:04:02,0.6862473224847165,98382.19432479051,31826026.333679203,0.3033248695474944,532.5704577626748,-85.00667682660989,Aura,0.3033248695474722
2024-04-24 12:00:03,0.6877167307618405,99099.73183824602,31896406.30086825,0.21412226015011804,717.537513455507,34.731001879052336,Aura,0.22113966239816207
2024-04-24 13:00:27,0.6868092613781849,97321.79345532306,31796668.008348133,-0.13195394892462353,-1777.9383829229628,-347.78333530755657,Aura,-0.31269445083975667
2024-04-24 14:00:04,0.6838762164730983,96921.75605190427,31662768.40491941,-0.427053778978026,-400.0374034187844,-77.49992872300132,Aura,-0.4211120592685025
2024-04-24 15:00:07,0.6888170002422087,102017.27251710012,31391317.07647781,0.7224675533521463,5095.516465195848,-1373.7600088513573,Aura,-0.8573202600926755
2024-04-24 16:00:40,0.6826492452613077,77231.67118210414,31591353.92385828,-0.8954127117554167,-24785.601334995983,-586.4198065944889,Aura,0.6372362360366202
2024-04-24 17:06:01,0.6819811667777532,78286.98166514971,31608380.90947518,-0.09786555660787899,1055.3104830455704,-104.2577562221802,Aura,0.05389761280234495
2024-04-24 18:07:17,0.6719061552666251,83138.29982105501,31338854.40502775,-1.477315210730945,4851.318155905305,359.7052937354186,Aura,-0.8527058226087014
2024-04-24 19:06:41,0.6614099414781627,99751.64034559176,30674145.494112343,-1.5621547304172756,16613.340524536747,242.45003091199098,Aura,-2.1210376816095944
2024-04-24 20:07:26,0.6650040972523896,67588.72237996983,30814048.665916286,0.5434081873935126,-32162.917965621935,-293.59693445228277,Aura,0.456094764989623
2024-04-24 21:03:13,0.6642820476013996,67595.5103450666,30893740.818499457,-0.10857822590466526,6.787965096780681,-100.02110494173458,Aura,0.2586227906861138
2024-04-24 22:04:50,0.6684507789615459,74252.45685482622,31014904.57115569,0.6275544213785178,6656.946509759611,97969.84000133991,Aura,0.3921951484220365
2024-04-24 23:01:50,0.666346448118606,74022.74265679186,30937880.118565787,-0.3148071494821325,-229.71419803435856,-103.45074423682958,Aura,-0.2483465728975287
2024-04-25 00:07:58,0.6669783861317616,75694.58407714801,30933709.638052195,0.09483625446491395,1671.8414203561551,-827.7919408821635,Aura,-0.013480175427693641
2024-04-25 01:06:44,0.6696302687109708,85134.13002602496,31020580.80169925,0.39759647903871986,9439.545948876941,464.61969621891643,Aura,0.2808300868648361
2024-04-25 02:00:57,0.6691585014878719,85061.90565090544,31148368.5200914,-0.07045189638857918,-72.22437511952012,-100.76512552098032,Aura,0.41194495747529647
2024-04-25 03:01:04,0.6686521198997689,86632.39319314972,31027786.933937803,-0.07567438610988075,1570.4875422442856,-2274.4563932126416,Aura,-0.38712007043264496
2024-04-25 04:01:02,0.6676802663595598,86514.83051733821,31006402.76073664,-0.1453451669838124,-117.56267581151042,-107.48574392659675,Aura,-0.06891942775902882
2024-04-25 05:00:46,0.6611071316200432,89400.95600657385,30666157.730335973,-0.9844734179962789,2886.1254892356374,-2554.9675050464107,Aura,-1.0973379692774898
2024-04-25 06:00:47,0.6620566421686551,89214.368296067,30739869.775482465,0.14362430885976885,-186.58771050685027,-106.46498952324717,Aura,0.24036935371780643
2024-04-25 07:01:40,0.6603869891263408,89426.11049125108,30639281.442010943,-0.25219187241218854,211.74219518408063,-213.48131911201455,Aura,-0.32722433180816246
2024-04-25 08:02:00,0.6609972374134038,55102.30785192671,30655005.55723729,0.09240767869613808,-34323.80263932437,-16310.185508601418,Aura,0.05132011746458165
2024-04-25 09:01:55,0.662809545999183,48830.769343232845,30739054.81890424,0.2741779364874519,-6271.538508693862,-81.72831089085498,Aura,0.2741779364874519
2024-04-25 10:00:58,0.6636948051962287,45264.52748164574,30826545.77353144,0.13356162451028109,-3566.2418615871065,-43.13609241745966,Aura,0.284624739253192
2024-04-25 11:01:40,0.6605241550445067,46426.51063641956,30710101.68088766,-0.47772713103948483,1161.9831547738213,-132.58284771119523,Aura,-0.3777396711887371
2024-04-25 12:03:28,0.6641125292016322,48136.58498519872,30850982.93691626,0.5432616096959775,1710.0743487791624,47.16860065944988,Aura,0.4587456514879573
2024-04-25 13:03:03,0.6644732115856267,48217.09093990477,31001335.708671607,0.054310432063076064,80.50595470604458,-95.29225411962243,Aura,0.4873516414786172
2024-04-25 14:02:59,0.6676492513583325,48511.94205111861,31040844.85954777,0.4779786027982791,294.851111213844,266.2475804310981,Aura,0.1274433825930732
2024-04-25 15:04:57,0.6695899905485595,42887.902770108754,31056707.54895972,0.2906824483482229,-5624.0392810098565,-2007.41668154371,Aura,0.05110263423473427
2024-04-25 16:03:01,0.6776194246646305,43531.83541318223,31425891.143013354,1.1991568317042622,643.9326430734727,-111.44964696899926,Aura,1.1887402857229112
2024-04-25 17:03:18,0.6765597984304108,44951.61854206785,31385035.599209595,-0.15637483160170218,1419.783128885625,120.48627976197004,Aura,-0.1300059992502156
2024-04-25 18:03:02,0.6765479519840835,39011.57384372263,31413006.99545857,-0.001750982892401165,-5940.04469834522,-518.3769040140312,Aura,0.08912335358217671
2024-04-25 19:02:57,0.6792015695333102,35249.35852151029,31499266.124021627,0.3922290417766483,-3762.215322212345,-36.66351831897116,Aura,0.2745968527480658
2024-04-25 20:05:27,0.676628256351161,35700.00994854138,31406374.518772632,-0.37887326790446707,450.6514270310945,-111.97835287019382,Aura,-0.2949008554143928
2024-04-25 21:06:13,0.6764565699426731,39465.63157770264,31406582.11700484,-0.025373815958218415,3765.621629161258,735.5951858333813,Aura,0.0006610066758394595
2024-04-25 22:05:30,0.6806561292813343,33704.687432693274,31566724.10211167,0.6208172889823782,-5760.9441450093655,-252.98786528089227,Aura,0.5098994360807074
2024-04-25 23:07:59,0.6739218539869463,42450.942294532775,31240794.19689801,-0.9893799533544856,8746.254861839501,-251.8198170592623,Aura,-1.032511020653737
2024-04-26 00:01:12,0.6707446918066425,43338.28533726253,31107062.31584484,-0.4714437084222034,887.3430427297571,-89.85459426066699,Aura,-0.42806812211722
2024-04-26 01:01:16,0.6781305166746114,31972.434571622496,31386724.299185384,1.1011380273581173,-11365.850765640036,-1380.8857700258702,Aura,0.8990305175750724
2024-04-26 02:06:58,0.676518432971481,32035.20891886664,31371867.09619873,-0.23772469509789618,62.77434724414343,-100.55230662920471,Aura,-0.04733594638621774
2024-04-26 03:02:07,0.6793612442984294,31045.02486817991,31508752.07292712,0.42021195408703527,-990.1840506867302,-1677.370524994364,Aura,0.43633034753285393
2024-04-26 04:06:57,0.6755759704810388,31224.77990140808,31344224.123743348,-0.5571813006936543,179.75503322817167,-118.15369911316029,Aura,-0.5221658693526532
2024-04-26 05:06:48,0.677334575242272,28778.17905816089,31412680.70864067,0.26031191724906755,-2446.60084324719,-1461.075013761424,Aura,0.21840255042544499
2024-04-26 06:03:56,0.6468167129947671,21209.626747306986,31582454.675260507,-4.505581637640333,-7568.5523108539055,209.34969763227636,Aura,0.5404631594308373
2024-04-26 07:03:52,0.6801210124379099,31694.34260014714,31541907.03952736,5.148954684387119,10484.715852840156,-238.53000444753798,Aura,-0.12838658726836982
2024-04-26 08:00:41,0.6791099498927436,33706.42403427947,31576453.11098013,-0.14865921309239472,2012.0814341323312,-80.80938518150411,Aura,0.1095243588457695
2024-04-26 09:00:10,0.6550173708603058,26116.88515504336,30411324.34173379,-3.547669863509284,-7589.538879236112,-477.1983951787192,Aura,-3.689865879335219
2024-04-26 10:04:24,0.6725058688731009,39816.23332696621,30270381.771706067,2.669928889034745,13699.348171922851,-280.5030370079835,Aura,-0.4634542331795388
2024-04-26 11:04:29,0.6692852289857913,37579.25387276482,31039376.948416,-0.47890138010339145,-2236.9794542013915,-116.32909410088676,Aura,2.5404211367717755
2024-04-26 12:01:35,0.660310905107008,45323.70219176854,30546251.36777237,-1.3408818079524543,7744.448319003721,-446.20113763040854,Aura,-1.5887096621273966
2024-04-26 13:04:07,0.6603362334485855,45278.43049972956,30624350.23968384,0.003835820578101945,-45.27169203897938,-100.58456961908946,Aura,0.2556741610326263
2024-04-26 14:03:38,0.6614699634145237,46074.341067781934,30676929.125704966,0.17168980112105547,795.9105680523717,-1858.0755925073106,Aura,0.17168980112105547
2024-04-26 15:03:42,0.6602894209376983,45680.35103803139,30622179.22035097,-0.1784725750405114,-393.99002975054464,-149.50179650392826,Aura,-0.1784725750405114
2024-04-26 16:04:53,0.6580385838383319,45505.6118441659,30517792.363819588,-0.3408864397933087,-174.73919386549096,-55.648828480221354,Aura,-0.3408864397933087
2024-04-26 17:04:56,0.6582299423337679,44785.52934504389,30526666.978430644,0.029080133009795617,-720.082499122007,312.0898598606933,Aura,0.02908013300981782
2024-04-26 18:01:52,0.661492539752626,44242.56575348953,30677976.146374367,0.49566226162403026,-542.9635915543622,-24.59702989360316,Aura,0.49566226162403026
2024-04-26 19:06:18,0.6677814156108762,45362.63556649146,30969634.73959004,0.9507100201919139,1120.06981300193,-306.288198771388,Aura,0.9507100201919361
2024-04-26 20:05:11,0.6613704571476438,44520.67274932288,30672314.33309839,-0.9600384666841655,-841.9628171685763,-175.1705659232087,Aura,-0.9600384666841877
2024-04-26 21:06:59,0.6699947723672178,52853.63954932127,31072283.373843502,1.3040067221582685,8332.966799998387,-1089.7072210410895,Aura,1.3040067221582463
2024-04-26 22:06:40,0.6764181908726182,54480.60037631261,31250650.32187855,0.9587266603148681,1626.960826991337,-80.47561131538828,Aura,0.574038753087569
2024-04-26 23:07:22,0.6753089567409396,45616.38221652997,31269801.58718658,-0.16398644309781885,-8864.218159782635,-644.8329186987754,Aura,0.06128277367278834
2024-04-27 00:07:00,0.6650583630210722,43654.99135405316,30863029.93525185,-1.517911708047981,-1961.3908624768083,-77.87294009328731,Aura,-1.3008450047262587
2024-04-27 01:05:58,0.6597697747120819,44134.05392469317,30598079.637126684,-0.7952066469725461,479.06257064000965,-124.42463558920929,Aura,-0.8584714419841877
2024-04-27 02:04:43,0.6574704122735482,45654.586766259,30491442.325589377,-0.34850981761586075,1520.5328415658296,217.39754569730937,Aura,-0.34850981761586075
2024-04-27 03:00:56,0.6627138255218517,45487.4308348448,30664966.784383006,0.7975131884903508,-167.15593141419959,-110.99324702793423,Aura,0.5690923274167314
2024-04-27 04:00:37,0.6624978797116658,45308.90641540692,30685617.67829435,-0.03258507697734281,-178.5244194378829,6.801127502626914,Aura,0.0673436043695963
2024-04-27 05:00:37,0.6669594361618008,45117.45074809402,30877988.793994863,0.6734446383551695,-191.45566731289728,7.243405644858436,Aura,0.6269097064211637
2024-04-27 06:00:40,0.6645058852976987,45015.424230761535,30780172.76412816,-0.36787107747087155,-102.02651733248786,-46.71010852567491,Aura,-0.31678238670040937
2024-04-27 07:00:28,0.659674906802674,48669.47566130409,30532466.16079576,-0.7270031164374746,3654.051430542553,-3681.472274148683,Aura,-0.8047602761381611
2024-04-27 08:00:37,0.6683737848037492,47282.60582662672,30981031.63544825,1.318661345364358,-1386.8698346773672,-137.95430527017638,Aura,1.469142624412223
2024-04-27 09:03:33,0.6581189961078046,47566.00510192928,30468338.489750627,-1.5342894842824695,283.39927530255954,-120.43445377615325,Aura,-1.6548614382195237
2024-04-27 10:02:19,0.6690275678965134,41777.51833506745,31027427.424762,1.6575379001705581,-5788.486766861832,-2142.519960815705,Aura,1.8349833391782866
2024-04-27 11:02:08,0.672293056131816,35540.487417304605,31178870.65982304,0.488094720157739,-6237.030917762844,7.7489017245207625,Aura,0.48809472015776123
2024-04-27 12:02:14,0.6659082486970151,33181.37834197287,30882763.05707174,-0.9497059915414274,-2359.109075331733,-62.17576750159962,Aura,-0.9497059915414496
2024-04-27 13:02:13,0.6766669306453587,33927.73714143064,31264119.836393464,1.6156402881921217,746.3587994577683,-131.63731627596815,Aura,1.23485317235692
2024-04-27 14:02:41,0.6787363616042779,38881.40368613625,31477691.220462937,0.3058271160001125,4953.6665447056075,563.7111464759925,Aura,0.6831197717610538
2024-04-27 15:02:10,0.6697935815929202,38847.53914458956,31009495.56055864,-1.3175631242475672,-33.864541546689,-100.68362577983541,Aura,-1.487388819672819
2024-04-27 16:00:33,0.6667851095009287,39236.01728003552,30907883.19983232,-0.44916406706028145,388.47813544596283,-1247.1530920044158,Aura,-0.32768143721615406
2024-04-27 17:03:19,0.6799395019765432,39632.15072716364,31533489.146248914,1.9728083738193014,396.1334471281152,1.9705901011299654,Aura,2.0240983258924317
2024-04-27 18:03:31,0.6855504703623566,41711.215750700525,31467026.195328835,0.8252158272173737,2079.0650235368885,424.8395556117959,Aura,-0.2107694160066842
2024-04-27 19:01:03,0.6899903027433977,44740.24005077619,31966871.11442333,0.6476302727491889,3029.0243000756673,45.69165782620477,Aura,1.5884720595831014
2024-04-27 20:01:42,0.6812252805899629,47604.36087164057,31593119.57782832,-1.2703109186585793,2864.12082086438,-5.44411212571545,Aura,-1.1691839819330196
2024-04-27 21:02:17,0.6831510315580323,40403.51907009257,31682429.945991177,0.2826892986710128,-7200.841801548006,-351.41543433125213,Aura,0.2826892986710128
2024-04-27 22:05:58,0.6843633906173744,40679.91873464244,31738655.405944586,0.1774657437868754,276.39966454987007,-103.83843545195579,Aura,0.1774657437868754
2024-04-27 23:06:06,0.6874556318672012,55672.98705551989,31869528.38941602,0.4518420026876635,14993.06832087745,5324.41625075572,Aura,0.4123457084036497
2024-04-28 00:05:56,0.6959148831270128,60041.20105585991,32274377.867452968,1.2305159588023695,4368.21400034002,-70.8651097503678,Aura,1.2703340730056079
2024-04-28 01:03:21,0.6936074836425679,60195.24865276033,32167367.82260737,-0.3315634627724662,154.04759690042556,-96.47344207750731,Aura,-0.3315634627724773
2024-04-28 02:03:08,0.6948863284769561,58618.93455375848,32184943.136945754,0.18437587029369595,-1576.314099001851,-1123.2643226630537,Aura,0.05463709196011912
2024-04-28 03:02:37,0.711222136084749,67561.65612006596,32593256.0650931,2.3508604124645283,8942.721566307482,-667.3185040957361,Aura,1.268645796296708
2024-04-28 04:02:48,0.7125528809321804,68609.77806277804,33045996.69777453,0.18710678139983727,1048.1219427120814,-88.27960889824664,Aura,1.3890623010393455
2024-04-28 05:02:41,0.7010064090345284,71043.05314292772,32510507.07670728,-1.6204371923311256,2433.275080149673,132.15572358435898,Aura,-1.6204371923311034
2024-04-28 06:03:47,0.7030092547856176,71161.31823170203,32516202.52804804,0.28571004847839365,118.26508877430751,-95.13967451772723,Aura,0.017518801928617656
2024-04-28 07:04:07,0.7047865523837169,64204.22845361948,32685818.422682013,0.2528128308412203,-6957.089778082547,-5982.623393078567,Aura,0.5216350048492524
2024-04-28 08:04:22,0.702917819051664,63817.56834745557,32599152.35596251,-0.2651488348823561,-386.6601061639085,-94.44221479817561,Aura,-0.2651488348823561
2024-04-28 09:05:33,0.7018320092780866,66444.38357132158,32548795.86011184,-0.15447179515839515,2626.8152238660114,-779.3602913749995,Aura,-0.15447179515838405
2024-04-28 10:00:14,0.6997786544258453,66230.30208859999,32421814.631671663,-0.29257070425634524,-214.0814827215945,-108.14984932234862,Aura,-0.39012573302532605
2024-04-28 11:00:30,0.6974615962815317,66074.57109725603,32345864.404592898,-0.3311130068999746,-155.73099134395306,-27.256206672262362,Aura,-0.234256558251289
2024-04-28 12:00:44,0.6945823712482733,65525.26692827986,32139338.96993716,-0.4128148486753691,-549.304168976174,252.72630337461925,Aura,-0.638491004823516
2024-04-28 13:04:23,0.6963237299447833,64848.966664993815,32296987.048958525,0.25070585845428095,-676.3002632860444,23.11944847361587,Aura,0.490514379181306
2024-04-28 14:00:27,0.6886652962737384,79278.23441121614,32017362.266083635,-1.099838098531014,14429.267746222322,-2233.559386198168,Aura,-0.8657921633711818
2024-04-28 15:00:48,0.7005366415728379,88904.95785231178,32402995.61180848,1.723819301383922,9626.723441095644,-33.2833542879126,Aura,1.204450705589033
2024-04-28 16:01:23,0.7026749957618985,88865.65504793442,32607587.36710042,0.3052451595193739,-39.302804377366556,-100.40826772076556,Aura,0.6313976576208358
2024-04-28 17:00:44,0.7026445788853658,88150.62647258634,32626111.43216077,-0.004328726184388287,-715.0285753480712,1719.2813125565085,Aura,0.05680906364460281
2024-04-28 18:01:42,0.6992275974386305,87317.5563870069,32337093.236740865,-0.4863029687293352,-833.0700855794421,16.50864235375615,Aura,-0.8858493480623841
2024-04-28 19:05:25,0.7024989470962805,87350.96018082197,32579726.37141483,0.4678519082532473,33.40379381507228,-104.0097219181551,Aura,0.7503245047340457
2024-04-28 20:02:47,0.7076552087578611,86672.70231545111,32818857.824533846,0.7339885252346079,-678.2578653708624,-2130.481534899256,Aura,0.7339885252346079
2024-04-28 21:05:24,0.694520244240114,84968.19660106744,32209698.833399028,-1.8561248974345523,-1704.5057143836748,151.30644278657553,Aura,-1.8561248974345523
2024-04-28 22:02:31,0.6968872134232597,72653.49390119083,32319471.536454607,0.34080636277713516,-12314.702699876609,622.4794024424513,Aura,0.34080636277713516
2024-04-28 23:06:20,0.6910962588444,67090.12545349056,32050904.99071332,-0.8309744342148706,-5563.368447700268,-54.823363719888974,Aura,-0.8309744342148595
2024-04-29 00:05:42,0.684286662306865,61971.56339155825,31702965.96160328,-0.985332571315245,-5118.562061932309,-7.9952710295833285,Aura,-1.0855825419308962
2024-04-29 01:00:45,0.6908138941562663,61284.03561161641,32005103.224777617,0.9538738965621185,-687.52777994184,-86.56795069351388,Aura,0.9530252265364192
2024-04-29 02:01:21,0.6907273372966916,61286.84844601174,31986901.18483129,-0.012529692918294977,2.8128343953285366,-100.40912301690071,Aura,-0.05687230507738228
2024-04-29 03:01:04,0.6769011834663096,52788.50757944687,31350310.18734614,-2.0016804148064504,-8498.340866564868,-302227.30904736643,Aura,-1.9901615158239516
2024-04-29 04:03:51,0.6737073799207159,53101.44130467859,31286185.073279783,-0.4718271475370517,312.93372523172,-103.68229199258056,Aura,-0.20454379456903427
2024-04-29 05:03:37,0.6713203319509309,50618.81293889333,31133758.723671265,-0.35431524738024356,-2482.628365785262,-893.3399840323808,Aura,-0.4872001787737945
2024-04-29 06:03:37,0.6737531113908105,50790.36527839616,31179171.324377164,0.3623872723785615,171.55233950282854,-106.91010953822588,Aura,0.14586289149651765
2024-04-29 07:03:23,0.6664281573082558,50275.157725852354,30910573.276645824,-1.087186679915142,-515.2075525438049,-400.32091316091334,Aura,-0.8614662812457041
2024-04-29 08:03:42,0.6714035767184131,50107.81728691979,31137619.358278096,0.7465800110027399,-167.34043893256603,-67.51980088289989,Aura,0.7345256252617505
2024-04-29 09:03:32,0.668062992653769,46824.168049076536,30988342.396990307,-0.49755231882614437,-3283.649237843252,1862.2568572121888,Aura,-0.4794103221899104
2024-04-29 10:05:44,0.6671363279124403,47420.96120587737,30939717.56919785,-0.138709186337016,596.7931568008353,-118.1746926536166,Aura,-0.15691329071276794
2024-04-29 11:05:50,0.6699638295951708,53776.93514195076,31070848.34386853,0.4238266699668536,6355.973936073387,965.0212495976281,Aura,0.4238266699668536
2024-04-29 12:06:48,0.660010274969346,53385.32116859032,30915040.101114184,-1.4856853737670095,-391.6139733604359,-106.16135272578491,Aura,-0.5014611800423951
2024-04-29 13:06:23,0.6637752388590595,53677.51411261679,30783840.66415518,0.5704401935088699,292.19294402646483,-174.61249186773392,Aura,-0.42438708321220764
2024-04-29 14:06:58,0.660054807716717,36280.0394177896,30584027.751181435,-0.5604956202851841,-17397.474694827186,-6054.105001677057,Aura,-0.6490837681810468
2024-04-29 15:03:24,0.6610206323023843,39731.408508123146,30625181.34998069,0.14632490732220393,3451.3690903335446,-119.83833372874366,Aura,0.134559120643174
2024-04-29 16:03:34,0.6723029423810617,40382.673725114975,31179329.15345722,1.706801501699018,651.2652169918292,-81.13023556895533,Aura,1.8094515005276257
2024-04-29 17:03:31,0.6554050753852282,50689.47448705114,30395658.394575123,-2.5134304687091213,10306.800761936167,1482.5811809116587,Aura,-2.5134304687091213
2024-04-29 18:03:35,0.657636726367773,50021.44679672179,30400074.32138552,0.3404994966255348,-668.0276903293488,-106.48142625203766,Aura,0.014528149885983943
2024-04-29 19:03:21,0.6552571322421512,45549.03795563447,30388797.24960132,-0.3618402121129516,-4472.408841087323,569.4945293184404,Aura,-0.037095540178566644
2024-04-29 20:03:20,0.6564289876860505,46929.30144410251,30357816.4089102,0.17883902154403053,1380.2634884680374,-130.86174671214698,Aura,-0.10194822926572478
2024-04-29 21:07:03,0.6551117841376665,46933.58186177737,30406284.90954323,-0.2006620019976979,4.280417674861383,-99.68988401775285,Aura,0.159657400849178
2024-04-29 22:05:48,0.6543508091533715,48336.17931908769,30346764.79053701,-0.11615956279837913,1402.597457310323,32667.7709011363,Aura,-0.19574939583474338
2024-04-29 23:06:38,0.6580229253872818,48560.96460457105,30551884.2164827,0.5611846401873288,224.78528548335453,-83.97364230829196,Aura,0.6759185941614732
2024-04-30 00:04:39,0.6672366843713691,50630.434095387,30938098.81247045,1.400218537775788,2069.469490815951,820.6427753337957,Aura,1.2641269299501712
2024-04-30 01:02:46,0.6741211808603121,50951.52923691994,31263653.42522561,1.031792263554765,321.09514153294003,-84.48418094792311,Aura,1.052277370786392
2024-04-30 02:00:34,0.6670105076044266,50405.24083394984,30949714.864494096,-1.0548063846341327,-546.2884029700945,-270.13287724070176,Aura,-1.0041646651514191
2024-04-30 03:03:39,0.6632268428892869,50456.02029277707,30788530.143268425,-0.567257137931565,50.77945882722997,-109.29535727852706,Aura,-0.5207954966027328
2024-04-30 04:06:02,0.6537243402235139,47790.45468866266,30302665.60588729,-1.4327681045562368,-2665.5656041144102,-5349.298960005906,Aura,-1.578069934226345
2024-04-30 05:06:03,0.6512168046352355,48722.03130154665,30181171.57480197,-0.38357690451316095,931.5766128839896,-134.9485531868382,Aura,-0.40093512783810903
2024-04-30 06:03:59,0.650410031832733,48697.49451902607,30105196.10722302,-0.12388697539129634,-24.536782520583074,-102.63389850939062,Aura,-0.25173133982109297
2024-04-30 07:04:39,0.651753439688947,49660.72826048257,30226306.83570848,0.20654783758922157,963.2337414564972,-4025.672571978307,Aura,0.40229177732014065
2024-04-30 08:01:57,0.6478066709071327,43470.49722279844,30043267.91800725,-0.6055616344269432,-6190.231037684127,-742.6509756940131,Aura,-0.6055616344269765
2024-04-30 09:02:11,0.6433629801766476,45810.45810751416,29837183.298696708,-0.6859593965376387,2339.9608847157215,-137.80086511263949,Aura,-0.6859593965376165
2024-04-30 10:03:54,0.6350384115625987,50563.237650587376,29451115.57756088,-1.2939147682639929,4752.779543073215,103.11363211742845,Aura,-1.2939147682639707
2024-04-30 11:03:56,0.6312557152578311,44217.05602357949,29257103.663569767,-0.5956641733623202,-6346.181627007885,-233.5256889046521,Aura,-0.6587591342004484
2024-04-30 12:04:04,0.6240012704962874,43791.37124710727,28940471.69653293,-1.1492085673364016,-425.6847764722188,-93.29226924958147,Aura,-1.0822396183771898
2024-04-30 13:06:30,0.6322817731399082,44796.25775975086,29345772.77344996,1.327000926942823,1004.8865126435849,-336.0635306179821,Aura,1.4004646543670063
2024-04-30 14:02:04,0.6393767947316262,146341.9522828139,28445551.17577513,1.1221297043696454,101545.69452306305,10005.190312080493,Aura,-3.067636366656834
2024-04-30 15:02:17,0.6590898580485419,147066.71372524148,30566547.20715642,3.0831684038814977,724.7614424275816,-99.28627063330295,Aura,7.456336557779819
2024-04-30 16:01:30,0.6475415826159012,144041.82022135367,30200755.803399585,-1.7521549287426885,-3024.8935038878117,-517.3640217056745,Aura,-1.1967050163624426
2024-04-30 17:01:56,0.6459317746789109,133058.07246301873,29963222.25555048,-0.2486030210580581,-10983.74775833494,263.11188292142623,Aura,-0.786515242848207
2024-04-30 18:01:51,0.6406257151515936,133985.61317630633,29662505.333196685,-0.8214581996612513,927.5407132875989,-108.44466509697239,Aura,-1.0036201039695936
2024-04-30 19:05:00,0.6476267161800818,137426.61327175793,30034922.174870137,1.0928379649623565,3441.0000954516,270.98103039113306,Aura,1.255513779062567
2024-04-30 20:05:28,0.6306459807777967,148981.82737961682,29424858.213994224,-2.621994272015704,11555.21410785889,235.80975842264178,Aura,-2.0311820930448365
2024-04-30 21:00:43,0.6488261514765594,152751.52729273794,30129814.329267755,2.882785469645044,3769.6999131211196,-67.37663293874161,Aura,2.3957842384377592
2024-04-30 22:00:45,0.6547007325448819,187858.3669490236,30194679.776216235,0.9054168138804997,35106.83965628565,831.2900354240393,Aura,0.2152865803938031
2024-04-30 23:00:28,0.6586874940260948,195829.17006430047,30555722.92514393,0.6089440996523754,7970.803115276882,-77.29558344380976,Aura,1.195717760888737
2024-05-01 00:04:26,0.6595506573179143,194921.53402329123,30587917.650728405,0.1310429148341008,-907.6360410092457,-111.387008660014,Aura,0.10536397932179309
2024-05-01 01:04:32,0.647267061010214,200434.52638003725,30018242.481511462,-1.862418931951626,5512.992356746021,-707.4012167493757,Aura,-1.862418931951637
2024-05-01 02:04:18,0.6449300221113933,201003.441302806,29909857.85238476,-0.3610625411979429,568.9149227687449,-89.68046958975759,Aura,-0.3610625411979318
2024-05-01 03:04:22,0.6418960164292044,199700.54782959612,29769150.06151389,-0.4704395171829745,-1302.8934732098714,-329.013763054248,Aura,-0.4704395171829745
2024-05-01 04:04:19,0.6480678132364689,201570.78897641192,29828275.93060901,0.9614947981134936,1870.2411468157952,-243.54520805205806,Aura,0.19861456901841823
2024-05-01 05:04:21,0.64922965565056,200859.72339983244,30111073.45623928,0.1792779073981121,-711.06557657948,-138.01999425529237,Aura,0.9480853881335793
2024-05-01 06:04:52,0.65658709175242,200998.87174792017,29977919.491421223,1.1332563196743584,139.14834808773594,-119.56898950967323,Aura,-0.4422092922444998
2024-05-01 07:04:25,0.6444708188775934,204229.06102725732,29888561.42800162,-1.8453413152684006,3230.1892793371517,2221.39965995173,Aura,-0.298079603039747
2024-05-01 08:04:51,0.6282926069064075,241937.3355934358,29175808.61730737,-2.510309465890437,37708.27456617847,1067.370432667536,Aura,-2.3847009579607836
2024-05-01 09:04:28,0.6322914604518881,237538.1124374408,29323720.48905217,0.6364635683316688,-4399.223155994987,-111.66646633028594,Aura,0.5069675143709818
2024-05-01 10:03:44,0.6390230751356581,239895.94166075136,29635911.938365422,1.064637924883427,2357.829223310546,-153.5964905553255,Aura,1.0646379248834048
2024-05-01 11:03:53,0.6460518287469165,243206.86381653263,29961883.771253467,1.0999217218824464,3310.9221557812707,40.42247517538697,Aura,1.0999217218824908
2024-05-01 12:01:41,0.6334620096922354,242466.10276781904,29457380.825803146,-1.9487320512814432,-740.7610487135826,-122.3732547568394,Aura,-1.6838158418275406
2024-05-01 13:06:47,0.6369943642734762,244229.24790178263,29516503.800691903,0.5576269021968505,1763.1451339635823,-338.01806763807144,Aura,0.20070682875161783
2024-05-01 14:05:15,0.6327311076277364,139818.61917011446,29344109.96400912,-0.6692769802763121,-104410.62873166817,-6021.839712477395,Aura,-0.5840591346687241
2024-05-01 15:04:48,0.6342041396801137,133139.16074973153,29412424.63038854,0.23280537887571118,-6679.458420382929,-93.6027026160824,Aura,0.23280537887571118
2024-05-01 16:02:53,0.6315028411363072,131949.5020316719,29287146.76660171,-0.4259351799830613,-1189.6587180596252,-82.18929375427682,Aura,-0.4259351799830613
2024-05-01 17:02:58,0.6333721626237852,132385.53945654788,29365356.117833763,0.296011572032584,436.0374248759763,-136.65231198298352,Aura,0.2670432591311389
2024-05-01 18:07:07,0.6449774817852996,133738.87571026324,29499087.2101356,1.8323064773542619,1353.336253715359,210.37158200360744,Aura,0.4554042926134372
2024-05-01 19:02:21,0.6596765372846147,132370.60100449162,30256034.40977258,2.2790028976869214,-1368.2747057716188,-201.1038241246585,Aura,2.5660021079462414
2024-05-01 20:02:21,0.6421652774038863,114113.16761833472,29781637.551942017,-2.6545221621506965,-18257.433386156903,1234.3397571513892,Aura,-1.5679412952985472
2024-05-01 21:02:39,0.6472482068594043,114323.95212090666,30017368.084365554,0.7915297874819816,210.78450257194345,-101.1545133322615,Aura,0.7915297874819593
2024-05-01 22:06:02,0.6484758674459457,78680.8077827326,30074303.18178002,0.18967384900117068,-35643.144338174054,-17009.755652462445,Aura,0.18967384900117068
2024-05-01 23:01:31,0.6490385186576437,74008.80635379611,30066164.86600216,0.0867651735313002,-4672.001428936492,-86.89228597620455,Aura,-0.02706069606557282
2024-05-02 00:03:16,0.649852629283923,73554.84647661839,30101573.96684889,0.12543332989896072,-453.9598771777237,-90.2833960116947,Aura,0.11777059363753395
2024-05-02 01:05:40,0.6449831130425906,66152.74732429656,29912320.045414884,-0.7493262351955243,-7402.099152321825,1530.562418498481,Aura,-0.6287176931094485
2024-05-02 02:06:26,0.6347885963024824,64786.78789132167,29439529.91917429,-1.5805866128831503,-1365.9594329748943,-81.54632348383996,Aura,-1.5805866128831614
2024-05-02 03:02:43,0.6418688036182848,65657.4420823812,29747420.27964543,1.1153646043805976,870.654191059526,-163.7393885968741,Aura,1.0458399346608083
2024-05-02 04:04:50,0.6371748507271466,76260.75433170053,29550197.012028288,-0.7312947544229953,10603.312249319337,1117.8557638843772,Aura,-0.6629928436251431
2024-05-02 05:05:05,0.6322318508123438,77563.07818479372,29320955.97850951,-0.7757682069783334,1302.3238530931849,-87.71776382255663,Aura,-0.7757682069783334
2024-05-02 06:05:35,0.6303992945250795,76469.57607103063,29254476.875217244,-0.2898551037739838,-1093.502113763083,-183.96545230787842,Aura,-0.22672897616636822
2024-05-02 07:04:18,0.631138074902497,70698.23866418861,29270230.03792021,0.11719244990178179,-5771.3374068420235,427.78475086628276,Aura,0.053848724658989156
2024-05-02 08:04:24,0.6370379007054349,25884.08472224593,29543845.69399092,0.9347916149488045,-44814.153941942684,676.4951307268001,Aura,0.9347916149488267
2024-05-02 09:04:53,0.6399952064259188,26025.88871817017,29680996.37808551,0.4642275941838081,141.80399592423782,-100.31642680593266,Aura,0.4642275941838081
2024-05-02 10:04:59,0.6396799896616263,25937.332496074985,29666377.60040509,-0.049252988323589264,-88.55622209518333,-162.4497367073468,Aura,-0.04925298832357816
2024-05-02 11:05:26,0.6430988138980666,25472.528945021,29824932.084501587,0.5344585248396871,-464.80355105398485,424.8683153560884,Aura,0.5344585248396871
2024-05-02 12:07:07,0.6489541653624589,28369.88433126099,30030504.1217922,0.9104901669621857,2897.3553862399895,-723.350527264684,Aura,0.6892623819165111
2024-05-02 13:03:59,0.6384664496304338,37063.78985730347,29624710.15105836,-1.6160949866416918,8693.90552604248,200.06348435304992,Aura,-1.351272589657826
2024-05-02 14:03:44,0.6370421878954808,37917.67150379104,29544044.520592973,-0.22307542327044683,853.8816464875708,-90.17838825220979,Aura,-0.27229171206762937
2024-05-02 15:00:57,0.6396118052193928,42167.82236566115,29610948.22012382,0.40336689982822804,4250.150861870112,397.7447260229849,Aura,0.2264540979966867
2024-05-02 16:02:26,0.652581957462909,50951.92095554064,30294773.37818265,2.027816268817517,8784.09858987949,106.67733629611425,Aura,2.309365958075249
2024-05-02 17:07:30,0.6508908745549494,50782.02730394628,30205012.82006539,-0.259137245310026,-169.8936515943642,-101.93410456242037,Aura,-0.2962905746042077
2024-05-02 18:04:58,0.644133098900417,51088.97047612176,30221648.045221187,-1.038234813040373,306.94317217548087,-280.66782913603754,Aura,0.05507438535086173
2024-05-02 19:04:28,0.6446420141919098,50472.45964833616,29896500.93669349,0.07900778462734959,-616.5108277855979,-300.8550388712135,Aura,-1.0758748432288523
2024-05-02 20:00:16,0.6445983446559344,50043.67297534519,29842084.80905086,-0.006774230505313117,-428.7866729909729,-30.44944976374516,Aura,-0.18201503834129884
2024-05-02 21:00:19,0.6425763126107042,50219.72878242796,29761693.391596835,-0.3136886810203299,176.05580708277557,-141.05906693757763,Aura,-0.26938941420622253
2024-05-02 22:00:34,0.6444013814297752,50297.81372203929,29939386.634388108,0.28402366897963827,78.08493961132626,-55.64762054419863,Aura,0.5970535360781737
2024-05-02 23:00:12,0.647512836187199,50935.03030018084,30020252.862020925,0.48284420969431086,637.2165781415533,716.0556713155538,Aura,0.2700998140687805
2024-05-03 00:07:35,0.643286218377934,51179.13373657364,29845151.42105564,-0.6527465670260635,244.10343639279745,-61.69223388620446,Aura,-0.5832777017904744
2024-05-03 01:04:44,0.642594786047785,51064.183956797366,29802322.725960765,-0.1074843996957453,-114.94977977627423,-147.0906028505488,Aura,-0.1435030249659297
2024-05-03 02:01:35,0.6466717461087951,51340.57773388559,29994439.183674965,0.6344527141412204,276.39377708822576,-340.4474176689756,Aura,0.6446358543283903
2024-05-03 03:01:45,0.6545984969576423,52762.35023486408,30429497.23668161,1.225776585500249,1421.7725009784917,414.40105343784836,Aura,1.45046236851607
2024-05-03 04:01:53,0.6577344775522393,52315.56405599835,30539473.601114087,0.4790693240470434,-446.7861788657319,-131.4245899789344,Aura,0.3614136756091568
2024-05-03 05:01:58,0.6559443682448677,50273.47695785627,30405762.89947893,-0.2721629120057023,-2042.0870981420812,357.06138523048827,Aura,-0.43782909745464504
2024-05-03 06:01:31,0.6563849464722973,50329.90062033864,30413460.28538774,0.06716701122206903,56.423662482367945,-102.76303897780379,Aura,0.025315549339310905
2024-05-03 07:02:10,0.6541178920642817,49432.97575662773,30335962.817009315,-0.34538488735912365,-896.9248637109049,-1689.6253880917222,Aura,-0.25481305859714753
2024-05-03 08:02:04,0.6538078233491689,52494.15142146719,30321582.78991252,-0.04740257358415434,3061.1756648394585,-441.2967784362962,Aura,-0.04740257358415434
2024-05-03 09:02:01,0.649448863987941,52784.55925776474,30142848.01753323,-0.6667034571258057,290.4078362975488,-90.51319270458205,Aura,-0.5894638601740554
2024-05-03 10:02:06,0.6489371817702924,52724.290543385694,30095697.51200721,-0.07878714491956762,-60.26871437904629,-120.75312951173109,Aura,-0.1564235254034263
2024-05-03 11:02:02,0.6478613807867313,53144.443702669145,30045805.192852296,-0.16577890954349028,420.1531592834508,-797.1331039865786,Aura,-0.16577890954349028
2024-05-03 12:03:06,0.6507028970734375,50781.69207431158,30056712.469415147,0.43859942434840704,-2362.751628357568,-662.3548404079877,Aura,0.03630216096004446
2024-05-03 13:03:43,0.6573345956971699,41164.13346702987,30485143.57323765,1.019159228206723,-9617.55860728171,307.04907328609966,Aura,1.425409063810501
2024-05-03 14:07:30,0.6661253309837395,40046.7862193005,30766094.82456057,1.337330386094493,-1117.347247729369,-88.38221534846281,Aura,0.9216005515865877
2024-05-03 15:08:00,0.6612413245838058,27495.855882761345,30670948.579144344,-0.7331963179843304,-12550.930336539153,1023.2792994339658,Aura,-0.3092568165013687
2024-05-03 16:07:51,0.6656772216052936,27392.950695049825,30885210.094508592,0.6708438896011026,-102.90518771151983,-99.18009912450924,Aura,0.6985813132298846
2024-05-03 17:07:43,0.6668740008163656,38045.84554370791,30943970.856479406,0.17978371081797118,10652.894848658085,-10452.14558718067,Aura,0.19025534160528323
2024-05-03 18:07:21,0.6668845885271416,37979.40500743069,30977127.853777748,0.0015876628512989654,-66.44053627722315,-100.62368527260543,Aura,0.10715172093500591
2024-05-03 19:03:57,0.6726612035914888,38512.6856436903,31195944.19929245,0.8662091108005976,533.2806362596166,-902.6434856493378,Aura,0.7063803543943425
2024-05-03 20:03:38,0.6707061921660862,38016.25585783067,31105276.82170295,-0.2906383503262,-496.42978585963283,-193.08978277207808,Aura,-0.2906383503261889
2024-05-03 21:02:06,0.6814018029226747,38035.04161845624,31583857.819684256,1.5946789938000139,18.78576062557113,-103.78417273916011,Aura,1.538584596834025
2024-05-03 22:01:54,0.6797445257161326,36509.401179060485,31466087.08373662,-0.243215852883516,-1525.6404393957564,-8221.259872326162,Aura,-0.37288268146342674
2024-05-03 23:05:51,0.6798347441150993,34513.87317953695,31528630.800944336,0.013272398019181786,-1995.5279995235323,30.79936451565739,Aura,0.1987654742112488
2024-05-04 00:05:29,0.6785339089399949,34195.22185553787,31544992.96967732,-0.19134579195383417,-318.6513239990818,-84.03172874170819,Aura,0.051896223582592604
2024-05-04 01:03:05,0.6689029802677197,33797.68392769864,31021649.43623669,-1.4193732318139585,-397.53792783922836,24.756402342886187,Aura,-1.6590383581435386
2024-05-04 02:03:06,0.6664632610545954,33692.285860431555,30908502.81201012,-0.3647343912487555,-105.39806726708775,-73.48729268677158,Aura,-0.3647343912487222
2024-05-04 03:04:51,0.6644314197429771,32447.607909671387,30814272.302147742,-0.30486921490663343,-1244.6779507601677,1080.9305265589423,Aura,-0.30486921490665564
2024-05-04 04:02:42,0.6754669841380037,23495.47910008032,31302516.558501475,1.6609034532556244,-8952.128809591068,619.2325375510744,Aura,1.5844744005838463
2024-05-04 05:06:12,0.6761738367104501,23520.98800073721,31447471.018522985,0.10464650220447513,25.508900656888727,-100.28494787328752,Aura,0.46307605891879877
2024-05-04 06:03:10,0.676690186778069,23298.053530861205,31348078.532040007,0.07636350884721033,-222.93446987600328,-973.947775620034,Aura,-0.3160587585069541
2024-05-04 07:07:33,0.6752657712497201,24292.800557006834,31190275.48484036,-0.21049744124870262,994.7470261456292,-546.2060204054178,Aura,-0.5033898554208438
2024-05-04 08:07:23,0.6613095604400505,21713.522531320737,30814804.910209104,-2.0667730253586925,-2579.278025686097,-359.2898453469209,Aura,-1.2038065351931526
2024-05-04 09:07:21,0.6668980381115203,21572.928850254782,30886649.42485953,0.845062283350484,-140.59368106595502,-94.54910716619793,Aura,0.2331493412331298
2024-05-04 10:07:27,0.6619697609936696,21671.95745903722,30710682.18856768,-0.7389850976029733,99.02860878243882,-170.43603100197848,Aura,-0.5697194081214385
2024-05-04 11:03:43,0.67009748088863,21572.669266153986,30964562.79480291,1.2278083341390245,-99.28819288323575,-200.2621304126035,Aura,0.8266850103699097
2024-05-04 12:03:59,0.6678539581695274,21719.97177234058,31049827.21831484,-0.3348054250446375,147.30250618659556,-248.35853278125958,Aura,0.2753613027800972
2024-05-04 13:03:58,0.6683245528201827,26963.103273968864,30994823.761914525,0.07046370615890751,5243.131501628282,3459.4312937123705,Aura,-0.17714577286881417
2024-05-04 14:05:07,0.6647295420442845,39948.56660245243,30822164.615632623,-0.5379139163342206,12985.463328483569,147.66617668183346,Aura,-0.5570580030013317
2024-05-04 15:05:08,0.6622975024842438,39346.96414263959,30715307.825864702,-0.36586903488015077,-601.6024598128424,-104.63289175437606,Aura,-0.3466881417982015
2024-05-04 16:03:23,0.6606506878549068,39588.03027997111,30690545.70443856,-0.24865179517662428,241.06613733152335,-140.07067015758523,Aura,-0.08061817764134505
2024-05-04 17:03:50,0.6615340654815415,28749.781800799243,30732610.186879195,0.13371326827842367,-10838.24847917187,-4595.964717046384,Aura,0.13706006678972926
2024-05-04 18:03:15,0.6556994445382031,29086.76665902633,30706911.1339598,-0.8819834454165676,336.9848582270861,-103.10921879005338,Aura,-0.0836214456342077
2024-05-04 19:01:41,0.6577696970152007,28020.13772907844,30505322.22538208,0.31573192477778456,-1066.6289299478885,-416.52132251862565,Aura,-0.6564936072478433
2024-05-04 20:07:14,0.6591352229925163,28630.85971707955,30506438.28160296,0.20759940500634233,610.7219880011107,-157.25721203070577,Aura,0.0036585623080398477
2024-05-04 21:03:13,0.6682308124281149,29007.4770478104,31083799.76689684,1.3799276868112331,376.61733073084906,-38.332442890501575,Aura,1.8925889674969332
2024-05-04 22:07:29,0.6603208148502603,29327.837050414604,30642376.56739134,-1.1837223651978035,320.36000260420406,-14.937530362045258,Aura,-1.4201069457910998
2024-05-04 23:07:32,0.6568973044337076,30166.68724681498,30469793.706353422,-0.5184616840117284,838.8501964003772,161.84610737338315,Aura,-0.5632163049049344
2024-05-05 00:06:45,0.6543429344376581,30055.599367599225,30346399.58560076,-0.38885377954953615,-111.0878792157564,-113.24287455524835,Aura,-0.4049719599083845
2024-05-05 01:04:54,0.6533667837169759,30024.15436737401,30301128.73714107,-0.14918029511866715,-31.445000225216063,-71.69358129148982,Aura,-0.14918029511866715
2024-05-05 02:05:13,0.6496936594636488,28905.05145473164,30130780.60552287,-0.5621841123343962,-1119.1029126423673,3458.921623873761,Aura,-0.5621841123343962
2024-05-05 03:04:46,0.6484475946616518,29371.752591494285,30227466.71858391,-0.19179266779756343,466.7011367626437,-141.70314735940534,Aura,0.32088817852704565
2024-05-05 04:05:01,0.6600845723803027,32147.840494827306,30645337.53599428,1.794590312995581,2776.08790333302,494.83204231938504,Aura,1.3824208998415966
2024-05-05 05:01:52,0.6507696598861751,32391.066458693407,30180682.17403957,-1.4111695506740185,243.22596386610167,-91.23853522166642,Aura,-1.5162350925616463
2024-05-05 06:01:38,0.649343922291869,32355.76240402897,30259487.896113902,-0.21908482865587997,-35.30405466443699,-114.51492024259065,Aura,0.2611131240171982
2024-05-05 07:01:32,0.6506742828639891,31453.8341746746,30176258.883018587,0.20487765057144447,-901.9282293543693,2454.744031322026,Aura,-0.275050963787149
2024-05-05 08:01:56,0.6538289865877878,30754.63759350164,30322564.27540256,0.48483608571603387,-699.1965811729606,-22.477580985188904,Aura,0.4848360857160561
2024-05-05 09:01:40,0.654929411984082,31155.07324094197,30383755.76307716,0.16830477370499697,400.43564744032847,-157.2708245753382,Aura,0.20180182361502208
2024-05-05 10:03:42,0.6527423020376386,31794.39834399996,30272167.210122608,-0.3339459041574733,639.3251030579922,59.657389931365245,Aura,-0.36726385580729826
2024-05-05 11:03:50,0.6542648175042635,31688.311135716573,30342776.76406417,0.23324908802020428,-106.08720828338846,-116.59362471080155,Aura,0.23324908802020428
2024-05-05 12:06:21,0.6540759376165816,31593.33669883218,30332793.939334508,-0.02886902713222783,-94.97443688439307,-10.47512850871717,Aura,-0.03290016865392653
2024-05-05 13:06:03,0.6568512126527708,33454.44117621828,30329121.61714783,0.4243047139606215,1861.1044773860995,-2059.5846402874863,Aura,-0.012106771944664363
2024-05-05 14:07:46,0.656689261651383,28613.204276506305,30494397.85370828,-0.024655659952843578,-4841.236899711974,-360.12708896984856,Aura,0.544942377978419
2024-05-05 15:06:22,0.6690646216593674,13030.826246442331,30979267.602200177,1.8845077467635196,-15582.378030063974,221.86770349930688,Aura,1.5900289319303207
2024-05-05 16:06:29,0.6558175949964367,19537.46966115072,30414789.77706554,-1.9799323165640481,6506.643414708389,-141.75642127379243,Aura,-1.8221148168607648
2024-05-05 17:06:39,0.6647334139000701,13521.062172797085,30828277.85624077,1.3594967520933698,-6016.407488353636,-192.4656094531542,Aura,1.3594967520933698
2024-05-05 18:06:27,0.6654366567829613,13330.522654935136,30110392.518733744,0.10579321998651636,-190.5395178619492,-96.83300178336009,Aura,-2.3286585804587867
2024-05-05 19:00:27,0.6468833632054602,19838.791776980663,29938792.806095887,-2.7881381929268034,6508.269122045527,-3515.705673592045,Aura,-0.5699019450878695
2024-05-05 20:05:46,0.646301104923474,19858.28303551379,29973444.428613488,-0.09000977843995894,19.4912585331258,-99.70051548011278,Aura,0.11574154890623412
2024-05-05 21:05:16,0.645805888359543,19533.762483219176,29896119.55178329,-0.07662319624065494,-324.52055229461257,-1764.9543267977442,Aura,-0.2579779478276478
2024-05-05 22:05:40,0.6571805143289112,22613.235470071297,30514020.40326608,1.7613072556928344,3079.472986852121,-1048.9300338847117,Aura,2.0668262662400627
2024-05-05 23:05:24,0.6541024395215315,22043.31292227981,30335246.17591451,-0.4683758480762301,-569.9225477914879,-118.50714554811115,Aura,-0.5858756892370476
2024-05-06 00:02:51,0.6454772882761076,22273.626383251,30773459.95388349,-1.3186239225362106,230.3134609711924,-140.41136148476355,Aura,1.4445697108497857
2024-05-06 01:02:19,0.6481765345500148,27751.07415949157,30060421.04874096,0.4181783500262437,5477.4477762405695,2278.257767975485,Aura,-2.3170579655686363
2024-05-06 02:01:53,0.6477438645982585,27725.46409592856,30076419.905949727,-0.06675186908094988,-25.610063563010044,-100.46755468256765,Aura,0.053222332391245075
2024-05-06 03:01:49,0.6465609672044819,27707.024725914416,30069605.80121777,-0.182618077673391,-18.439370014144515,-27.999514843932438,Aura,-0.022655970202789533
2024-05-06 04:01:58,0.6442378241994836,23871.02066310536,29947272.805710904,-0.359307648131435,-3836.0040628090574,20703.335796540374,Aura,-0.4068327211057432
2024-05-06 05:01:32,0.6449981026846276,24109.74093236785,29919736.832411304,0.11801208444859324,238.72026926249237,-106.2231495419137,Aura,-0.09194818332288746
2024-05-06 06:00:25,0.6488842551935038,26721.20232773889,30191312.37505624,0.6025060372582658,2611.4613953710395,993.9420449880295,Aura,0.9076802518889426
2024-05-06 07:12:53,0.6531500199633545,28332.509375778543,30291075.905304927,0.6573999501003014,1611.3070480396527,-38.29864569716466,Aura,0.3304378723566481
2024-05-06 08:03:53,0.6523851449037342,28223.592647826776,30255603.3679385,-0.11710557088603357,-108.91672795176783,-106.75952656473997,Aura,-0.11710557088603357
2024-05-06 09:04:06,0.6545379554089655,28242.290758047304,30441477.042574555,0.32999073048314287,18.69811022052818,-117.16734478913868,Aura,0.6143446302347533
2024-05-06 10:04:47,0.6541261169082216,27411.419236519032,30336344.25980879,-0.06292049182794468,-830.8715215282718,-4543.612278079734,Aura,-0.3453603207844602
2024-05-06 11:04:36,0.6604939274858312,38178.88350688629,30631663.600942392,0.973483616234061,10767.464270367258,-1395.9240979353842,Aura,0.973483616234061
2024-05-06 12:03:54,0.6548047161378656,37983.80130440754,30411130.56325989,-0.8613571012865529,-195.0822024787485,-101.81177478355445,Aura,-0.7199512261414354
2024-05-06 13:03:28,0.6529110158546104,38126.63332971512,30279991.634649843,-0.2892007703341748,142.8320253075799,-173.216328036454,Aura,-0.43122016900113413
2024-05-06 14:02:11,0.6512946373122235,33546.42957519397,30108526.702878315,-0.24756490595755354,-4580.20375452115,-3306.706440420463,Aura,-0.5662647924093767
2024-05-06 15:02:09,0.6470087100227222,33304.7709498123,29964739.272420235,-0.6580627328959032,-241.6586253816713,-94.72384552448942,Aura,-0.47756382063136593
2024-05-06 16:01:55,0.6468635023796511,33306.564181816226,29899618.4339899,-0.022442919364418223,1.7932320039253682,-100.74205172734602,Aura,-0.21732489589946224
2024-05-06 17:06:29,0.6432557593908139,32634.616868471,29788147.106031194,-0.55772863603607,-671.9473133452266,-37571.29829683723,Aura,-0.3728185635706538
2024-05-06 18:07:43,0.6400660776348673,33119.749358351975,29578819.68245304,-0.49586524634731566,485.1324898809762,-172.19799532582246,Aura,-0.7027205244859669
2024-05-06 19:07:55,0.6400696924116523,32839.2553749167,29670035.7425506,0.0005647505642469852,-280.4939834352772,-157.8180165801912,Aura,0.30838302906208703
2024-05-06 20:07:26,0.6381004533860256,32737.830789278545,29599591.058126785,-0.30766009529478167,-101.42458563815308,-63.840726850543525,Aura,-0.23742702919224978
2024-05-06 21:07:24,0.6483145494109636,33781.24782498267,30022437.606462065,1.600703458325059,1043.417035704122,-1128.7614478669539,Aura,1.4285553726229194
2024-05-06 22:07:15,0.6447210778842688,31916.695691171622,29896448.7695764,-0.5542790193370895,-1864.5521338110448,-278.6967310297748,Aura,-0.41964892570397483
2024-05-06 23:07:37,0.6444440297781471,31730.23467262177,29885027.66613708,-0.04297177735074209,-186.46101854985318,-89.99968865613123,Aura,-0.03820220765130555
2024-05-07 00:03:54,0.6419251736592506,31991.15438837539,29826386.842040308,-0.39085723546288254,260.91971575362186,-239.93258096670806,Aura,-0.1962214147896546
2024-05-07 01:02:26,0.6363447617907771,26158.69809240656,29638282.282616764,-0.8693243539060314,-5832.45629596883,-2335.345182376418,Aura,-0.6306649223713934
2024-05-07 02:02:20,0.6424884680981666,33113.05688400986,29796626.1358096,0.9654681984181179,6954.358791603296,-219.23550625505555,Aura,0.5342544877700472
2024-05-07 03:02:13,0.6478474252050567,33394.14272832917,30045157.97617789,0.8340938978645296,281.08584431931376,-95.95813427603566,Aura,0.8340938978645074
2024-05-07 04:02:18,0.6476330119835878,32672.53689433256,30118873.671450235,-0.033096252779118984,-721.6058339966112,-356.7208020539328,Aura,0.24534966775942024
2024-05-07 05:02:04,0.6489299653650863,32296.38417803591,30095362.837474287,0.20026054223611922,-376.1527162966486,-47.87282771629933,Aura,-0.07806013675151213
2024-05-07 06:06:54,0.6397865553367497,29933.936739296747,29627343.79787449,-1.4089979684005716,-2362.4474387391638,528.0553978177434,Aura,-1.555120109789887
2024-05-07 07:07:05,0.6381238006634694,28463.04279163085,29601070.755512152,-0.2598920936069171,-1470.8939476658961,-37.73855352096591,Aura,-0.08867835922646838
2024-05-07 08:07:28,0.6400925883442065,28432.300018562302,29713316.076860294,0.3085275425693368,-30.74277306854856,-97.90992592516048,Aura,0.37919344970736013
2024-05-07 09:06:59,0.6449351379716397,28627.9564157775,29943799.224428724,0.7565389313380466,195.6563972151962,-736.4305418347664,Aura,0.7756897512624761
2024-05-07 10:06:54,0.6463816162705163,29358.2896702903,30001908.39068214,0.22428275553814103,730.3332545128033,273.2733838033075,Aura,0.19406076636396818
2024-05-07 11:07:23,0.6346349193994782,18422.19512376189,29437905.82091842,-1.817300581475989,-10936.094546528413,-1597.4115554718583,Aura,-1.8798889804586105
2024-05-07 12:03:47,0.6345796263581247,23000.64224574916,29429838.54008374,-0.008712574688740649,4578.447121987272,-141.86546762656388,Aura,-0.027404397866326313
2024-05-07 13:03:47,0.64063145390931,34155.430117816315,29710503.56667144,0.9536750471988764,11154.787872067154,143.63692699426497,Aura,0.9536750471988764
2024-05-07 14:01:32,0.6325597991813258,43065.02017735106,29341337.19754473,-1.2599529228121353,8909.590059534748,-20.127660322027584,Aura,-1.2425449750398387
2024-05-07 15:01:06,0.6355759478905382,43261.33215119024,29360893.52883189,0.4768163757981503,196.31197383917606,-97.7966217017012,Aura,0.06665112484647295
2024-05-07 16:02:16,0.6341962273732465,43161.93892309914,29405081.406991944,-0.21708192732448062,-99.39322809110308,-150.63024233688802,Aura,0.15049909198663336
2024-05-07 17:01:48,0.6272275705908252,43222.725978805785,29032439.296554487,-1.0988171297209637,60.78705570664897,-161.15814615753501,Aura,-1.267271140248738
2024-05-07 18:04:09,0.6337241384169572,48791.14917921822,29376120.648272503,1.035759289090632,5568.423200412435,9060.541065329726,Aura,1.1837839328878053
2024-05-07 19:04:49,0.6293620870645449,48792.27560442418,29187865.22009578,-0.6883202150558265,1.1264252059627324,-99.9797711997558,Aura,-0.6408450946629451
2024-05-07 20:01:33,0.6319128026467666,48958.87021800861,29253264.93392036,0.405285865584748,166.59461358442786,14689.67380191416,Aura,0.22406473831306783
2024-05-07 21:01:38,0.6319061898156738,48357.09527800215,29301644.53430309,-0.0010464784168218166,-601.774940006464,-461.22112657711637,Aura,0.1653818829864484
2024-05-07 22:01:37,0.6350125912958183,47360.26913212597,29436975.15945582,0.49159219045640246,-996.8261458761772,65.64766652886371,Aura,0.4618533440821082
2024-05-07 23:01:55,0.6222333891132139,48400.238356644855,28857258.27812267,-2.0124328805082303,1039.9692245188853,-204.3280444459838,Aura,-1.9693493580536292
2024-05-08 00:02:35,0.6182234098687844,47846.24569989988,28671287.854852185,-0.6444493842004184,-553.9926567449729,-153.2701010456596,Aura,-0.6444493842004184
2024-05-08 01:06:37,0.6185085916209823,47865.22468540876,28684513.701653995,0.04612923866120777,18.978985508874757,-103.42585506825799,Aura,0.046129238661229977
2024-05-08 02:04:41,0.622581554334695,40940.72080628096,28847697.39233522,0.6585135225103844,-6924.503879127798,-36585.110734131886,Aura,0.5688912574167704
2024-05-08 03:05:33,0.6321195766538765,46103.92638826018,29315749.05061793,1.5320117103973852,5163.205581979222,-174.56426730501843,Aura,1.6224922631331795
2024-05-08 04:05:28,0.6307654034898971,55194.656434625125,29252946.69151928,-0.2142273731099653,9090.730046364944,76.06755923284729,Aura,-0.21422737310997642
2024-05-08 05:03:25,0.6209454408660631,55159.88285436842,28797527.22564756,-1.5568327891006928,-34.77358025670401,-100.3825169164561,Aura,-1.5568327891006928
2024-05-08 06:02:04,0.6213368594364489,54435.08457706025,28814917.568287417,0.06303590374057144,-724.7982773081749,1984.3360734143585,Aura,0.060388319120563416
2024-05-08 07:06:45,0.6205869517234857,59455.03964655775,28723580.349051144,-0.1206926165049027,5019.955069497504,-792.6003036515336,Aura,-0.3169789364131148
2024-05-08 08:06:36,0.62743198806459,60048.648659015584,29320221.562432904,1.102993919239581,593.6090124578332,-88.17501343657936,Aura,2.0771826009547967
2024-05-08 09:06:40,0.6296015732291863,60260.627692659655,29198971.84701104,0.34578810227523515,211.97903364407102,-64.2897885316172,Aura,-0.4135361500037793
2024-05-08 10:03:40,0.6251883961133712,67109.54704115092,28994302.35468489,-0.7009475997939774,6848.919348491261,3130.941867576922,Aura,-0.7009475997940107
2024-05-08 11:00:43,0.6155830635438729,72829.9269419383,28482371.12460916,-1.5363900912448214,5720.3799007873895,-16.477627933412244,Aura,-1.7656269973780225
2024-05-08 12:07:39,0.6127752011544149,67852.81841217203,28424576.45528511,-0.456130546102651,-4977.108529766279,-187.0066082338552,Aura,-0.2029138271922748
2024-05-08 13:07:37,0.6127478720198598,56817.7500094186,28393803.82007923,-0.004459895652364487,-11035.068402753423,121.71645116349552,Aura,-0.10826066398663681
2024-05-08 14:07:37,0.6207174254199201,52292.08679031493,28779006.19820577,1.3006252267820262,-4525.663219103677,-58.9883537289678,Aura,1.356642387780882
2024-05-08 15:00:33,0.6268052995919214,70179.90232194989,29005876.63710532,0.9807802911095731,17887.815531634966,-495.25290914549555,Aura,0.7883192259560801
2024-05-08 16:00:27,0.6286644802952139,72104.28315382934,29010981.171428684,0.29661215444458655,1924.3808318794472,-89.24194612541626,Aura,0.017598276332853047
2024-05-08 17:00:34,0.627099264823348,71678.97327262856,29032936.8735172,-0.2489746949169036,-425.3098812007811,-122.10112853729696,Aura,0.07568066022578535
2024-05-08 18:00:26,0.6275638666906955,66116.79483034594,29132680.83632215,0.0740874520843926,-5562.178442282617,1207.7943137786665,Aura,0.3435545058341427
2024-05-08 19:03:30,0.6254220166659722,70101.08856377777,29357724.62718649,-0.3412959442706365,3984.2937334318267,-171.6318934168668,Aura,0.772478825854428
2024-05-08 20:02:14,0.6221851461893341,69798.69123231617,28883363.01441263,-0.5175498128277223,-302.3973314616014,-107.58973488636681,Aura,-1.615798290902215
2024-05-08 21:02:06,0.6122261797924636,68356.11391505675,28393154.890125945,-1.6006435476426328,-1442.57731725942,377.0469733601466,Aura,-1.697198917044651
2024-05-08 22:02:11,0.626793687339593,69075.2343320309,29141033.198019583,2.379432312428631,719.1204169741541,-149.84969667624642,Aura,2.634009185621422
2024-05-08 23:02:05,0.6276785955976394,79288.02626787788,29205095.99683731,0.14118014841573157,10212.79193584698,1320.1782754019678,Aura,0.2198370880758027
2024-05-09 00:04:29,0.6235600417212666,80654.34646879343,28918784.319035523,-0.6561564955789856,1366.3202009155502,-86.62148206388348,Aura,-0.9803483537009883
2024-05-09 01:05:36,0.6279103284503879,84813.23175822868,29120537.149922747,0.6976532231143029,4158.885289435246,204.3858450346003,Aura,0.6976532231143029
2024-05-09 02:06:50,0.6285440327143695,85092.11968493502,29127042.52192023,0.10092273295545517,278.88792670634575,-93.29416641005221,Aura,0.022339464289378164
2024-05-09 03:06:20,0.6303948388617481,80021.57500850206,29235761.051259004,0.29445926634381614,-5070.544676432968,-1918.1298618107564,Aura,0.37325632788483
2024-05-09 04:06:37,0.6320483837332491,71232.6478494677,29297057.536860604,0.26230304716432506,-8788.927159034356,73.33299911316824,Aura,0.2096626986864747
2024-05-09 05:03:49,0.6312874521205694,71060.16009755361,29229847.35008936,-0.12039135488097763,-172.4877519140864,-98.0374424683133,Aura,-0.22940934148995007
2024-05-09 06:03:43,0.63575031487343,64982.09821772744,29425946.6637838,0.7069462156850115,-6078.061879826171,3423.7643324689884,Aura,0.6708872316222969
2024-05-09 07:03:43,0.6340686967568264,64835.74923143618,29406143.20691042,-0.2645092070364785,-146.3489862912611,-97.59217676317165,Aura,-0.06729930254971705
2024-05-09 08:03:41,0.6283243144091938,58380.05544808813,29139736.537075218,-0.905955833652472,-6455.693783348048,4311.163990230887,Aura,-0.9059558336524609
2024-05-09 09:01:16,0.6503125547257497,95668.48473111451,30299533.764214423,3.4995049232228403,37288.42928302638,-677.6052975004629,Aura,3.9801225576064025
2024-05-09 10:05:39,0.6401606429806757,85200.76074044387,29688668.81333696,-1.561081924576302,-10467.723990670638,-128.0723114165485,Aura,-2.0160869656645652
2024-05-09 11:06:10,0.6360078375362576,84563.90360644623,29496074.553072084,-0.6487130207008751,-636.8571339976479,-93.9159922962695,Aura,-0.6487130207008751
2024-05-09 12:04:59,0.6389550425624488,85104.30934015354,29689725.43370711,0.4633913062467965,540.4057337073173,-184.85509619953683,Aura,0.6565310251253731
2024-05-09 13:03:14,0.644398559987975,89719.75952712828,29885210.284400053,0.85194060034266,4615.450186974733,754.0712836837612,Aura,0.6584259296349204
2024-05-09 14:02:53,0.637844813474699,84938.00416041176,29581267.81019036,-1.0170330786273496,-4781.755366716519,-203.60322770270852,Aura,-1.0170330786273496
2024-05-09 15:03:11,0.6394406403333158,67476.29581695225,29655277.31953524,0.250190457757804,-17461.70834345951,265.1736026690532,Aura,0.250190457757804
2024-05-09 16:02:52,0.6429834860143,66955.79832490363,29819583.53428433,0.5540538804567507,-520.4974920486129,-97.01920635821654,Aura,0.5540538804567285
2024-05-09 17:07:43,0.6417538490259537,68457.58691787728,29777540.433418352,-0.19123927987149125,1501.7885929736512,-388.529458050374,Aura,-0.1409915762828784
2024-05-09 18:06:55,0.6419900454390567,68171.5697262118,29903735.64316171,0.0368048299922874,-286.0171916654799,-119.04510348551423,Aura,0.423793261318961
2024-05-09 19:03:49,0.6458032855279464,65191.07899413477,29961616.35508401,0.5939718405262528,-2980.4907320770362,942.0669872050767,Aura,0.19355679374972734
2024-05-09 20:00:24,0.6466271882677213,65295.154937236686,29990278.822537813,0.12757797277251903,104.0759431019178,-103.49190628180179,Aura,0.09566395588982424
2024-05-09 21:06:38,0.6463800949314802,65352.49455699847,29986818.4609462,-0.03821264257430901,57.33961976178398,-44.905981101095215,Aura,-0.011538277493483573
2024-05-09 22:00:35,0.6465823501990751,65065.06334642208,29983375.79253228,0.031290454205024076,-287.4312105763893,-601.2785431269253,Aura,-0.011480605781510889
2024-05-09 23:04:36,0.6519743261234218,55241.78696712191,30236550.86471961,0.8339194416127516,-9823.276379300172,3317.609507193543,Aura,0.8443848149026101
2024-05-10 00:04:38,0.6476527634684814,52564.757978331785,30050527.035831,-0.6628424589409709,-2677.0289887901235,-72.74810475218617,Aura,-0.615228336462359
2024-05-10 01:02:58,0.6559145155756586,30667.957429913604,29971790.94056372,1.2756453107575227,-21896.80054841818,717.9515664607869,Aura,-0.2620123606264846
2024-05-10 02:00:43,0.6586814729494067,85961.85117020586,30208224.030569725,0.42184725418368263,55293.89374029226,-352.52042469869724,Aura,0.7888520591741388
2024-05-10 03:00:36,0.6719993678816862,98084.9093476603,31352012.962651048,2.0219021604851672,12123.05817745444,-78.07523153570128,Aura,3.7863494753079374
2024-05-10 04:00:49,0.6745962056547417,98126.30650538427,31255255.71349895,0.3864345559194904,41.39715772397176,-99.65852545522746,Aura,-0.3086157474716633
2024-05-10 05:00:51,0.6633617967188761,97876.74787872378,30754432.747622017,-1.6653531166784141,-249.55862666049507,-702.8400025057365,Aura,-1.6023640006907036
2024-05-10 06:00:24,0.6632173102929694,97833.9028394146,30763887.090767816,-0.021780938640325598,-42.84503930917708,-82.83167371029639,Aura,0.030741399860567675
2024-05-10 07:06:21,0.6664844642341592,99721.88881404902,30909486.14983752,0.4926219340907423,1887.9859746344155,-4506.545086842815,Aura,0.47327913615116124
2024-05-10 08:06:35,0.6637314498431236,77259.22421383952,30834023.409723926,-0.4130650508409106,-22462.664600209493,-1289.7686159749733,Aura,-0.24414103731060788
2024-05-10 09:06:40,0.6663298745658118,74923.51904666188,30902316.75959797,0.3914873588259704,-2335.7051671776426,-89.60183393756473,Aura,0.22148698846906623
2024-05-10 10:06:46,0.6655491665998087,66277.84919039623,30874027.8292858,-0.1171653854649457,-8645.669856265653,270.1524480811368,Aura,-0.09154307274835682
2024-05-10 11:06:58,0.6599312519508033,69147.13048928142,30600746.112210963,-0.8441021236201829,2869.2812988851947,-133.18749555080203,Aura,-0.885150841302329
2024-05-10 12:06:59,0.6625905199656749,69581.08312695811,30677644.200390257,0.402961370144328,433.952637676688,-84.87591168404116,Aura,0.25129481450325564
2024-05-10 13:07:13,0.6575306465371699,66099.15467876254,30530050.899979245,-0.7636501392695894,-3481.928448195569,-902.3752239039839,Aura,-0.4811102816334678
2024-05-10 14:07:43,0.6565845338417032,65820.7976344943,30505172.970061585,-0.14388876023486707,-278.3570442682394,-92.0056644353938,Aura,-0.08148669649835627
2024-05-10 15:08:04,0.6411833674226172,64298.25585546286,29686137.5779456,-2.345648675117762,-1522.5417790314386,446.97440225879024,Aura,-2.6849065662397753
2024-05-10 16:08:06,0.6340551408303425,63690.68106215647,29544318.03356552,-1.1117298037421341,-607.5747933063903,-60.094704679112475,Aura,-0.4777298629965232
2024-05-10 17:04:31,0.6371524952476735,62107.30451929863,29549160.23409837,0.48849922000075985,-1583.3765428578408,160.60602913448534,Aura,0.016389616871004264
2024-05-10 18:03:21,0.6299622159582031,62420.34215423149,29222651.61195582,-1.1285021000624562,313.03763493285805,-119.77025846093787,Aura,-1.104967517032085
2024-05-10 19:03:35,0.62765186629409,82093.32688337279,29108550.475260302,-0.3667441642668967,19672.984729141303,6184.542985817302,Aura,-0.3904544262808729
2024-05-10 20:03:26,0.6228342500464937,82469.13149756913,28885124.348064046,-0.7675618453971023,375.8046141963423,-98.08974276465702,Aura,-0.7675618453971023
2024-05-10 21:01:48,0.6207694989665095,82217.02308597605,28734087.58207444,-0.3315089174736552,-252.1084115930862,-167.08496970752202,Aura,-0.52288771261505
2024-05-10 22:02:00,0.6220894251853195,82342.52945777486,28805734.03591287,0.2126274278951401,125.50637179880869,-149.78269904035625,Aura,0.24934306208186374
2024-05-10 23:01:57,0.6226899312301359,82465.61273643351,28878431.28814329,0.09653050196722912,123.08327865865431,-1.9306534843017253,Aura,0.2523707680553544
2024-05-11 00:04:26,0.6233352230108408,82487.82415195502,28932236.42349595,0.10362971172988011,22.21141552150948,-81.95415675990547,Aura,0.18631599069840465
2024-05-11 01:04:34,0.6251223560894951,76479.25953969837,28991239.62282409,0.2867049723296766,-6008.564612256654,-27151.696036382622,Aura,0.2039358398171709
2024-05-11 02:05:24,0.6311291702536171,71446.93388730896,29081298.10126245,0.9609021506922666,-5032.325652389409,-16.24745713603296,Aura,0.31064031621281796
2024-05-11 03:04:51,0.6293652412535805,38595.23342071004,29176362.46582703,-0.279487794761224,-32851.700466598915,552.8134849739013,Aura,0.32689175095816925
2024-05-11 04:04:37,0.6215874374874053,39048.76339970695,28827301.04145349,-1.235817178381704,453.5299789969067,-101.38053730113003,Aura,-1.1963843154964238
2024-05-11 05:04:45,0.6220212648071285,39179.83226462982,28847420.609500457,0.06979345037552154,131.06886492286867,-71.10028642147101,Aura,0.06979345037552154
2024-05-11 06:04:38,0.6224264005893366,39233.30900861949,28813400.10257947,0.06513214340571061,53.476743989675015,-59.19950628919768,Aura,-0.11793257838027538
2024-05-11 07:04:33,0.6222555980724713,37969.73964397464,28858288.26089857,-0.027441399770888886,-1263.5693646448563,-2462.8390032288034,Aura,0.15578917503416
2024-05-11 08:04:29,0.6233237904486439,37661.48533087093,28907827.716397524,0.17166456669599484,-308.25431310370914,-75.60448031356408,Aura,0.17166456669599484
2024-05-11 09:04:57,0.6218798814745952,37432.40042468212,28874616.50521153,-0.23164669729828224,-229.0849061888075,-25.683146528517785,Aura,-0.11488656813586351
2024-05-11 10:02:05,0.621199376810114,37695.00121890131,28809303.988598224,-0.10942702678652383,262.60079421918635,-214.63033448513437,Aura,-0.22619353784842922
2024-05-11 11:02:34,0.6203299640193659,35272.396811775034,28768983.314889804,-0.13995712539386362,-2422.604407126273,-1022.5426809273797,Aura,-0.13995712539386362
2024-05-11 12:01:42,0.6299032077496048,35276.07032892114,29164314.30658368,1.5432502515613011,3.673517146104132,-100.15163503935263,Aura,1.3741569779049723
2024-05-11 13:05:17,0.6411506348598384,87875.6908620272,29734581.571877543,1.7855802243675,52599.62053310606,1431759.9435118858,Aura,1.9553597567871783
2024-05-11 14:01:23,0.6428196798586372,88265.98435305437,29740215.4761772,0.26032025986586493,390.2934910271724,-99.25799181235249,Aura,0.01894731320175591
2024-05-11 15:01:22,0.6406981833174517,88080.00348690532,29709796.06838254,-0.3300298058161677,-185.98086614905333,-147.6515418331958,Aura,-0.10228375049612382
2024-05-11 16:01:28,0.6475184973012451,98286.86193773177,30091991.255024787,1.0645127708149182,10206.858450826447,-5588.1228710087935,Aura,1.2864281725884386
2024-05-11 17:01:24,0.6464538391287786,97674.18636419997,30009449.780879498,-0.16442127551626884,-612.6755735318002,-106.00258714748996,Aura,-0.27429714918418835
2024-05-11 18:01:24,0.6459591574711266,97637.73045854912,30044606.701209567,-0.07652234818786852,-36.455905650844215,-94.04972105535523,Aura,0.11715283214712713
2024-05-11 19:03:00,0.643033152292799,77721.857079517,29821886.90252435,-0.452970616560755,-19915.873379032128,54530.03325106239,Aura,-0.7412971016733327
2024-05-11 20:04:21,0.643893661554398,77633.14716298426,29861794.658114366,0.13382035724451846,-88.70991653273813,-99.55457681998455,Aura,0.13382035724454067
2024-05-11 21:04:51,0.6435163819200252,77644.08827517055,29798790.272300683,-0.058593469216938754,10.941112186294049,-112.33358412895842,Aura,-0.21098660189388108
2024-05-11 22:04:59,0.6344810554656753,77323.43514067332,29425267.12724752,-1.404055391316017,-320.6531344972318,-3030.7179109169047,Aura,-1.2534842577162308
2024-05-11 23:01:57,0.6410445753259281,79553.33562640489,29729662.859033685,1.0344705809120613,2229.900485731574,-795.4245088631201,Aura,1.0344705809120613
2024-05-12 00:00:50,0.6398487114696,79357.75816384448,29582476.44647768,-0.18654925138709144,-195.5774625604099,-108.77068119460253,Aura,-0.49508268308962045
2024-05-12 01:00:31,0.6421878050753835,79943.09681266741,29790909.642880123,0.3655697923359291,585.3386488229298,-399.28737246099126,Aura,0.7045833258062517
2024-05-12 02:03:49,0.6451382093664886,81861.20904402001,29919512.932770368,0.45943013364426744,1918.1122313525993,227.69273568553396,Aura,0.4316863480567701
2024-05-12 03:02:39,0.6409095399633067,81852.0115431495,29723400.336957525,-0.6554672071484302,-9.197500870504882,-100.47950796205596,Aura,-0.6554672071484302
2024-05-12 04:04:03,0.6413184583477042,81244.21839498323,29742364.70569712,0.06380282378397606,-607.7931481662818,6508.242355435818,Aura,0.06380282378397606
2024-05-12 05:00:14,0.6425033203441444,81216.84317272996,29807154.03209508,0.184754076702065,-27.375222253263928,-95.49596399106254,Aura,0.21783515547284527
2024-05-12 06:05:57,0.6423849068440861,81157.10615468027,29788909.083969824,-0.018430021496984583,-59.7370180496946,118.2156458750657,Aura,-0.06120996357320552
2024-05-12 07:06:33,0.6406868471596475,81009.25873356452,29782693.703430165,-0.2643367965758814,-147.8474211157445,147.49715660857356,Aura,-0.020864747084692326
2024-05-12 08:05:59,0.6384724255552705,80850.68886794259,29543873.779517185,-0.3456324433994906,-158.56986562193197,7.2523716851261355,Aura,-0.8018748280162247
2024-05-12 09:05:24,0.6427294928378431,82384.25370961108,29807804.11707186,0.6667582047682474,1533.5648416684853,-1067.1224955975345,Aura,0.8933504777483003
2024-05-12 10:05:27,0.6428570374809297,82319.66497318583,29813719.24276575,0.01984421821432658,-64.58873642524122,-104.21167300333842,Aura,0.01984421821432658
2024-05-12 11:01:54,0.6455017345976878,82224.78351336987,29997295.570770185,0.41139739670914555,-94.88145981596608,46.90093825536814,Aura,0.6157444715622962
2024-05-12 12:02:01,0.6447769825895054,81994.04660050482,29913595.91553618,-0.11227731380676342,-230.73691286504618,143.18440432154813,Aura,-0.279024004135775
2024-05-12 13:02:01,0.6354281988283415,27734.944241296034,29559430.75211844,-1.449925170036015,-54259.10235920879,23415.570909516307,Aura,-1.1839605121957253
2024-05-12 14:01:52,0.632372673788531,27686.37785938917,29370863.06273828,-0.4808607873312054,-48.56638190686499,-99.91049173356141,Aura,-0.637927336833588
2024-05-12 15:01:57,0.6421901523145155,27799.60123662161,29782791.17328929,1.552483042502173,113.22337723243982,-333.1311759018132,Aura,1.4025059790415462
2024-05-12 16:06:57,0.6307594881390772,19945.100301949893,29231319.37620935,-1.7799500870950835,-7854.500934671716,-7037.172452069651,Aura,-1.8516457838731126
2024-05-12 17:07:04,0.6281369031710573,19874.288754106376,29161937.7677528,-0.41578208767929503,-70.81154784351747,-99.09845897998512,Aura,-0.23735366701584937
2024-05-12 18:02:27,0.6272335258764077,19904.23043050541,29144919.75295537,-0.14381853543217193,29.941676399033895,-142.2836067151086,Aura,-0.05835694093089261
2024-05-12 19:02:34,0.6239005120984402,18232.781525043345,28934574.281101283,-0.5313832313587508,-1671.4489054620644,-5682.349108268352,Aura,-0.7217225974099906
2024-05-12 20:02:38,0.6236124721945,18226.23464057129,28921215.882069927,-0.04616760178179913,-6.546884472056263,-99.60831082238518,Aura,-0.046167601781788026
2024-05-12 21:01:25,0.6230955485145699,18169.961843701352,28958895.313457128,-0.08289181229986786,-56.27279686993643,759.5355105183661,Aura,0.13028301279187637
2024-05-12 22:01:41,0.6238587690866245,18423.02585770913,29024186.944721863,0.1224885290665334,253.0640140077776,-549.7093233035592,Aura,0.225463128196024
2024-05-12 23:01:43,0.6235862155116964,17640.563162922106,29049617.80700611,-0.043688345573345,-782.4626947870238,-409.1955598092172,Aura,0.08761955100649033
2024-05-13 00:05:45,0.6225349502596798,16448.98552664701,28921161.1045668,-0.1685837861496009,-1191.5776362750948,52.28555229708771,Aura,-0.44219756450057934
2024-05-13 01:05:41,0.6221074713937226,16208.183688264126,28851418.6041085,-0.068667448434645,-240.80183838288576,-79.79134291781112,Aura,-0.241146958817251
2024-05-13 02:05:50,0.6083600867222748,10351.39423258786,28214370.649816643,-2.2098086429743646,-5856.789455676266,2332.202966143351,Aura,-2.20802991711867
2024-05-13 03:05:40,0.605891626240526,9901.788420624447,28124591.29824889,-0.40575648133795994,-449.60581196341263,-92.32334002500868,Aura,-0.31820433878200216
2024-05-13 04:06:05,0.6040606837829353,9928.428520368834,28203644.34972787,-0.3021897610553492,26.640099744387044,-105.92521249404021,Aura,0.2810816009400918
2024-05-13 05:07:15,0.6039351729119483,9975.740229793446,28008643.658291053,-0.02077785797959253,47.31170942461176,77.59584190213154,Aura,-0.6914024621030856
2024-05-13 06:07:39,0.6075300358957864,12542.416162899784,28354188.8732486,0.5952398775691314,2566.6759331063386,5325.033177455098,Aura,1.2337092048199105
2024-05-13 07:03:36,0.6180697830403692,14150.433742013309,28664163.11814793,1.73485202736392,1608.0175791135243,-37.35019063480254,Aura,1.0932220501351786
2024-05-13 08:03:31,0.6260751221684252,14340.134701750923,29035425.96399345,1.295216065842375,189.70095973761454,-88.20280560351873,Aura,1.2952160658423972
2024-05-13 09:03:38,0.6508335581760735,7719.771280236006,28998313.93577601,3.9545471671030175,-6620.363421514918,-3589.8945322532336,Aura,-0.12781637253560518
2024-05-13 10:02:28,0.6530890096561915,7379.017812715703,30217504.467067804,0.34654812306218474,-340.75346752030237,-94.85294921404287,Aura,4.204349721821732
2024-05-13 11:01:56,0.621507023919152,13879.143448674266,28927166.235215385,-4.835785822466276,6500.125635958562,-2007.5743185419765,Aura,-4.270168085053749
2024-05-13 12:05:15,0.648323296804886,9207.570875369129,30067227.427775577,4.314717590258854,-4671.572573305137,-171.8689581546254,Aura,3.941143709999162
2024-05-13 13:05:09,0.636516911446615,18932.556471355743,29519683.82504441,-1.8210644930478415,9724.985595986614,-308.1737026105149,Aura,-1.8210644930478637
2024-05-13 14:04:47,0.6373675752693577,23906.840818331275,29626563.94250264,0.1336435540745251,4974.284346975532,-48.85047080143379,Aura,0.36206389638751
2024-05-13 15:04:15,0.6363426509193146,23764.10904818496,29480396.20524893,-0.16080585047175688,-142.73177014631437,-102.86939306622264,Aura,-0.4933671604219203
2024-05-13 16:04:29,0.6394505842387573,24595.69699520147,29655738.48708529,0.4884056278410265,831.5879470165091,-682.6228779787766,Aura,0.5947758660215685
2024-05-13 17:04:39,0.6366628232816447,24696.02411172281,29512542.789088503,-0.4359619063342257,100.32711652134094,-87.93547731406103,Aura,-0.4828599970934766
2024-05-13 18:03:54,0.6319629064360818,24544.99796674024,29341000.333564807,-0.7382112907641569,-151.02614498257026,-250.53372430019448,Aura,-0.5812527126165423
2024-05-13 19:04:09,0.6317396693355546,24644.61959881548,29298130.12531052,-0.03532439930471476,99.62163207523918,-165.96316954705847,Aura,-0.146110247663378
2024-05-13 20:04:25,0.6357600289942149,25362.57976710065,29484581.96005736,0.6363949984158568,717.9601682851717,620.6870167946382,Aura,0.6363949984158346
2024-05-13 21:02:29,0.6322738205428086,25236.473861475184,29322902.404678658,-0.5483528835434348,-126.10590562546713,-117.56447101051131,Aura,-0.5483528835434348
2024-05-13 22:02:03,0.628098140890197,25072.456116395773,29176260.17323029,-0.6604226708337713,-164.01774507941082,30.063492479520626,Aura,-0.5000945316551264
2024-05-13 23:01:02,0.6268050925699605,25025.121793182763,29041317.69716069,-0.20586724208478957,-47.334323213010066,-71.14073041908198,Aura,-0.4625077897866148
2024-05-14 00:00:43,0.6278162670427433,25040.51877242192,29125777.85078116,0.161321993833341,15.3969792391581,-132.52814911891707,Aura,0.29082755300986474
2024-05-14 01:04:58,0.6303714030700893,26005.510687334907,29234674.171794347,0.4069878659534787,964.9919149129855,6167.410638956937,Aura,0.3738829622717432
2024-05-14 02:01:58,0.632481876627104,31432.993666528066,29427977.43985368,0.3347984294236772,5427.482979193159,462.438181638295,Aura,0.6612123224750466
2024-05-14 03:01:44,0.6327587776335004,31919.629966226647,29382228.78442909,0.04378006969514292,486.63629969858084,-91.03384936324713,Aura,-0.1554597339150976
2024-05-14 04:04:48,0.6324160357183941,32100.14515845452,29291241.041760333,-0.0541662837753365,180.51519222787465,-62.905522596714526,Aura,-0.3096693015914864
2024-05-14 05:03:12,0.6254674878223236,32045.82646628426,29007245.764134515,-1.0987305039122264,-54.318692170261784,-130.09092558907295,Aura,-0.9695569990391562
2024-05-14 06:03:28,0.6382097429045734,58241.91906640588,29584526.61386725,2.0372369995783846,26196.092600121618,-48326.662965319636,Aura,1.9901263788598023
2024-05-14 07:03:34,0.6423167017107984,74550.50352323952,29783348.44386989,0.643512395710788,16308.58445683364,-37.74420977288069,Aura,0.6720466837196071
2024-05-14 08:02:37,0.649494134255886,102536.03581416627,30087332.135170333,1.1174289141121063,27985.532290926756,71.60000835756306,Aura,1.0206498167032452
2024-05-14 09:02:47,0.6569655045656525,121065.29933433412,30468026.2691895,1.1503368415060944,18529.26352016785,-33.789847812988505,Aura,1.2652970768855853
2024-05-14 10:02:42,0.6633958702752398,162710.93817783438,30766246.72368617,0.9787980746171376,41645.63884350026,124.7560395380626,Aura,0.9787980746171376
2024-05-14 11:02:48,0.6701443855558908,184504.528127828,31023580.84822952,1.017268207872779,21793.58994999362,-47.66897433872598,Aura,0.8364170217267208
2024-05-14 12:04:04,0.6725107112190637,214660.66847254048,31205031.43770245,0.3531068399849291,30156.140344712476,38.37160565977018,Aura,0.5848795803444107
2024-05-14 13:03:57,0.6809734127475312,230092.1136564984,31581438.72702833,1.2583742366165662,15431.445183957927,-48.82818222901775,Aura,1.2062390966576464
2024-05-14 14:04:16,0.6882379582473881,259767.53291320064,31917454.94698656,1.0667884184415666,29675.41925670224,92.30486129420935,Aura,1.0639674235951135
2024-05-14 15:04:25,0.6959034308055853,276962.22474494384,32273846.74423924,1.113782299615873,17194.6918317432,-42.057459465009075,Aura,1.1166046849431899
2024-05-14 16:04:14,0.6960404952135782,275745.8395528396,32167862.902343884,0.019695894850579876,-1216.385192104266,-107.07419012801785,Aura,-0.32838924574206674
2024-05-14 17:03:25,0.718832077462689,317405.05247092486,32972637.60091802,3.2744621046965294,41659.21291808528,-3524.837229892415,Aura,2.501797216113788
2024-05-14 18:03:29,0.715278265061589,328010.60105132894,33091747.50691789,-0.4943870081096202,10605.54858040408,-74.54212924939839,Aura,0.36123863502066644
2024-05-14 19:03:37,0.7343756391397759,345086.1629538136,34058068.664589256,2.6699223240821635,17075.561902484682,61.005927916216194,Aura,2.9201273141267414
2024-05-14 20:03:33,0.7346358124033604,354016.33824835,34242482.324592255,0.03542781782484017,8930.175294536399,-47.702012118049474,Aura,0.54146834284452
2024-05-14 21:05:03,0.7145944893365886,380535.0766436024,33140680.17516355,-2.728062358028338,26518.73839525238,196.9565268385818,Aura,-3.2176468370034406
2024-05-14 22:02:48,0.7149813820793356,380845.2422915453,33158623.062830333,0.0541415793880784,310.1656479429221,-98.83039063427523,Aura,0.0541415793880784
2024-05-14 23:02:00,0.7076259214467217,380270.6986704903,32810285.938088533,-1.0287625408122558,-574.5436210550251,-285.23767053685935,Aura,-1.0505174599130918
2024-05-15 00:02:35,0.7047889911884111,383783.0362712992,33029907.066965006,-0.400908187833271,3512.3376008088817,-711.3265332855376,Aura,0.6693667019266103
2024-05-15 01:03:44,0.699499739768678,381271.9673074929,32440632.420501,-0.7504730473747112,-2511.0689638062613,-171.49281331122523,Aura,-1.7840638947887677
2024-05-15 02:02:47,0.7029001064938571,377887.46319744457,32598330.90236593,0.4861140800858088,-3384.5041100483504,34.78339937419091,Aura,0.4861140800857866
2024-05-15 03:02:50,0.7037732813450709,377986.8452406917,32638826.04879217,0.12422460078562736,99.38204324711114,-102.93638417965141,Aura,0.12422460078560515
2024-05-15 04:03:35,0.7064857155795539,379460.5650982016,32764620.351438727,0.3854130735538641,1473.7198575099465,1382.883435839185,Aura,0.3854130735538863
2024-05-15 05:03:31,0.7073254933836843,379862.4360104006,32803566.64621176,0.11886691911973113,401.87091219896683,-72.73084771498002,Aura,0.11886691911973113
2024-05-15 06:03:22,0.7170275647105706,352157.66235605715,32816499.02747298,1.3716558243184185,-27704.773654343444,-6993.9484827970755,Aura,0.03942370474740997
2024-05-15 07:03:40,0.7174156374926624,335124.5721612328,33271516.29293713,0.054122435620507225,-17033.090194824326,-38.51929487915543,Aura,1.3865502992358225
2024-05-15 08:03:28,0.7124361598333403,312291.6827631175,32997762.975065645,-0.6940854644213124,-22832.889398115338,34.05018782236788,Aura,-0.8227858191410364
2024-05-15 09:03:26,0.7130352640797586,298666.16501825454,33125853.060949013,0.08409234120829723,-13625.51774486294,-40.325039431988785,Aura,0.3881780894667175
2024-05-15 10:03:32,0.7270886769520114,267371.7458992719,33660627.356248826,1.9709281686635993,-31294.419118982623,129.67508248103945,Aura,1.6143713923860936
2024-05-15 11:00:45,0.7260084388037172,251418.3137175143,33682909.95505377,-0.1485703439672026,-15953.432181757613,-49.02147849077488,Aura,0.06619781196919305
2024-05-15 12:00:45,0.7258235613693705,222263.95401832188,33690406.59514755,-0.02546491534607398,-29154.359699192428,82.74663011091606,Aura,0.02225650961804604
2024-05-15 13:00:26,0.7369388181386938,215334.5529866868,34156804.43574941,1.5313992767543638,-6929.4010316350905,-76.23202463325912,Aura,1.3843639413631648
2024-05-15 14:04:51,0.736328950376055,195678.78520856745,34148657.19267065,-0.0827569056789823,-19655.767778119334,183.6575295380368,Aura,-0.023852474531349532
2024-05-15 15:06:05,0.7433641406420959,184023.09467917253,34474927.537680924,0.9554412144800128,-11655.690529394924,-40.700914556133704,Aura,0.955441214480035
2024-05-15 16:06:27,0.7434627267570617,193935.11191311592,34374073.87687932,0.013262156401672165,9912.017233943392,-185.04015449746117,Aura,-0.2925420530365819
2024-05-15 17:04:25,0.7401894432453142,159974.02795725805,34578510.98218606,-0.44027540237630003,-33961.083955857874,-442.625352179163,Aura,0.5947421479309822
2024-05-15 18:05:57,0.7556538790863876,165399.2749104851,34922210.08680333,2.089253769044652,5425.2469532270625,-115.97489338172693,Aura,0.9939673365181534
2024-05-15 19:06:45,0.7579838110546869,143562.5899049407,35152942.59186891,0.3083332240835235,-21836.685005544423,-502.5012168811128,Aura,0.6607041893742283
2024-05-15 20:03:43,0.7578023120981052,169296.9898680451,35144525.23214677,-0.023944964778221944,25734.3999631044,-217.84938948640934,Aura,-0.02394496477824415
2024-05-15 21:00:29,0.7556612772696618,142695.3664885247,35051213.6132092,-0.2825321055719088,-26601.623379520373,-203.3698995028418,Aura,-0.2655082642920803
2024-05-15 22:05:07,0.7609516701910395,144368.47604141996,35295570.13686692,0.7001011009182267,1673.1095528952428,-106.28950169328128,Aura,0.697141406726165
2024-05-15 23:03:32,0.7641942214526093,150051.3510636059,35444264.679742,0.42611789796791477,5682.875022185937,239.65946894224416,Aura,0.42128386734789913
2024-05-16 00:02:04,0.7723589142900966,154550.93330565255,35877667.39527824,1.0684054666060705,4499.5822420466575,-20.82207994227756,Aura,1.2227724836507692
2024-05-16 01:01:55,0.7631622301316136,166083.2047014445,35525189.77942172,-1.1907267448238223,11532.271395791962,156.29649099482737,Aura,-0.9824429553157321
2024-05-16 02:04:55,0.7663296289781164,184796.4581890869,35382047.79927858,0.4150361117788215,18713.25348764239,62.26858391895558,Aura,-0.40293093726427864
2024-05-16 03:05:15,0.7655409237758118,189738.31815691665,35503418.08457942,-0.10291983664474369,4941.859967829747,-73.59165806687122,Aura,0.34302787105306987
2024-05-16 04:05:10,0.768858072279404,195537.31582178085,35664900.38341394,0.4333077959087106,5798.997664864204,17.344435144140192,Aura,0.45483592157189445
2024-05-16 05:02:32,0.7769597807150123,200592.8778536796,36068382.42416746,1.0537326364525867,5055.562031898735,-12.82007125938166,Aura,1.131314083078605
2024-05-16 06:02:35,0.774828640910706,213013.5873319905,35949384.978206374,-0.27429216507770526,12420.70947831092,145.68404857740478,Aura,-0.32992177071227147
2024-05-16 07:07:30,0.7722538691667359,220131.7235669288,35812228.86188052,-0.33230208694193797,7118.136234938283,-42.69138773942025,Aura,-0.38152562668041234
2024-05-16 08:00:38,0.7683701329910521,217450.44670421927,35657965.06929161,-0.5029092544236002,-2681.276862709521,-137.668243121688,Aura,-0.4307573069072923
2024-05-16 09:00:31,0.7691677422864966,225101.6842399625,35652914.23887513,0.10380534864620206,7651.237535743217,-385.3579815704441,Aura,-0.014164662528171057
2024-05-16 10:04:30,0.87745613114808,675809.1530597896,41192038.27806551,14.078644086096958,450707.4688198271,5790.647973145781,Aura,15.536244813195799
2024-05-16 11:03:20,0.8737141229448441,694268.548201916,40551715.24050198,-0.4264610013425707,18459.39514212648,-95.90435117694805,Aura,-1.554482527038481
2024-05-16 12:01:42,0.8645715849402343,695183.172450297,40098643.60057508,-1.04639924713531,914.6242483810056,-95.04521008766031,Aura,-1.1172687449589769
2024-05-16 13:02:28,0.8533434763303749,718925.3212273676,39547733.5509247,-1.298690450326978,23742.14877707057,2495.8363578373323,Aura,-1.3738869951263832
2024-05-16 14:02:54,0.8437619021732676,704315.4283259161,39131064.90629656,-1.1228273752452944,-14609.89290145156,-161.53568086289368,Aura,-1.0535841304068927
2024-05-16 15:00:23,0.8359467270743487,694490.1319688839,38798359.11231275,-0.9262299090287751,-9825.296357032144,-32.749018604674674,Aura,-0.8502344487187008
2024-05-16 16:02:10,0.8424073151860223,691460.387371926,39231719.51387091,0.7728468695947122,-3029.7445969579276,-69.16383499425456,Aura,1.1169554885135158
2024-05-16 17:03:46,0.8412319812339019,707059.8028505308,38894868.69917949,-0.13952086252491114,15599.415478604846,-614.8755936149778,Aura,-0.8586185333332552
2024-05-16 18:01:42,0.8680051595371218,717211.2210087106,39684577.35575542,3.182615366566255,10151.418158179731,-34.92436833865498,Aura,2.030367200063554
2024-05-16 19:06:30,0.85162448825972,717708.7752794944,39495707.3080071,-1.887162892687988,497.5542707837885,-95.0986722935566,Aura,-0.47592808172096657
2024-05-16 20:06:32,0.8491095479586426,711894.9923131098,39379470.90457249,-0.29531094229297006,-5813.782966384548,-1268.4721261112275,Aura,-0.29430135920378575
2024-05-16 21:01:17,0.8483063345626275,687359.7218134445,39420393.99969432,-0.09459479026541207,-24535.27049966529,322.0190303203421,Aura,0.10391987038373962
2024-05-16 22:07:33,0.8458712788804896,686305.7756129901,39243215.21088105,-0.2870490980588225,-1053.9462004543748,-95.70436282547301,Aura,-0.44945971066308044
2024-05-16 23:02:50,0.8391646878027084,675416.4185864342,38917860.33583757,-0.7928618981669966,-10889.357026555925,933.1985657200843,Aura,-0.8290729322129153
2024-05-17 00:02:53,0.838723645729385,669891.4646146363,38928473.8900418,-0.05255727269437571,-5524.95397179795,-49.26280809487448,Aura,0.027271679667473236
2024-05-17 01:02:48,0.8424979749217856,657983.6966778325,39072447.87323642,0.45000867825997215,-11907.76793680375,115.52700705900509,Aura,0.3698423513885718
2024-05-17 02:06:46,0.8412768454169574,639145.0295672509,38924216.227917545,-0.14494153590596248,-18838.66711058165,58.204855944129804,Aura,-0.379376397915443
2024-05-17 03:02:02,0.8417057862328542,636063.1579759468,39074748.60207057,0.05098688003046803,-3081.8715913040796,-83.64071315017294,Aura,0.38673193384703985
2024-05-17 04:02:01,0.8460064317159401,633975.7520192573,39220075.71379634,0.5109440321580783,-2087.405956689501,-32.26823717836261,Aura,0.3719207849697259
2024-05-17 05:01:49,0.8435854353283665,631563.099029202,39129597.43657853,-0.2861676101756361,-2412.6529900552705,15.58139816184061,Aura,-0.23069378518814077
2024-05-17 06:01:54,0.8409182287563853,611246.0942546035,39504608.14114883,-0.3161750381504569,-20317.00477459852,742.1022359346043,Aura,0.9583811977062151
2024-05-17 07:02:32,0.8555954906271089,617456.506617213,39633190.30147682,1.745385147903078,6210.412362609524,-130.56755871010148,Aura,0.3254864846869765
2024-05-17 08:01:52,0.8603159175670574,623904.6934661411,39898788.89237101,0.5517124612810509,6448.186848928104,3.8286424867715274,Aura,0.6701418403965542
2024-05-17 09:02:02,0.8643012694659429,626829.3807196679,40124901.085922174,0.46324284108980596,2924.687253526761,-54.643261399707455,Aura,0.5667144287540005
2024-05-17 10:01:55,0.8558165201748398,150289.0097579504,39718163.93668623,-0.9816888613788377,-476540.37096171745,-16393.72064951823,Aura,-1.0136776371484801
2024-05-17 11:01:48,0.8611042344513317,125243.438063024,39938395.1253096,0.6178560651542098,-25045.571694926402,-94.74429172823672,Aura,0.5544848170082384
2024-05-17 12:04:50,0.8578753770371504,119120.71268163023,39836204.222650304,-0.37496708121967925,-6122.725381393771,-75.55366091869215,Aura,-0.2558713296782811
2024-05-17 13:04:39,0.8641499521383412,85615.69933436207,40076599.54639018,0.7314086951488497,-33505.01334726816,447.223846574695,Aura,0.6034594119366243
2024-05-17 14:04:46,0.8771248020643899,92572.20112258093,40711632.36691185,1.5014581547962091,6956.501788218855,-120.76256981639453,Aura,1.5845476605034658
2024-05-17 15:03:05,0.8814783366979813,91044.98033607668,40963096.41653551,0.49634152669550957,-1527.2207865042437,-121.95386176843452,Aura,0.617671252671359
2024-05-17 16:05:00,0.881138153457028,87829.88417073822,40867807.15350997,-0.03859235409319206,-3215.0961653384584,110.51940844111373,Aura,-0.23262221697449847
2024-05-17 17:04:49,0.8715519222538592,102724.9653499064,40570854.99708775,-1.0879373643688406,14895.081179168177,-563.28571256282,Aura,-0.7266163200457365
2024-05-17 18:05:02,0.8579795297507254,66919.53733073153,39842036.03493954,-1.5572672329188575,-35805.42801917487,-340.38424221045057,Aura,-1.7964101624196038
2024-05-17 19:02:12,0.8543021582487266,64417.62423529436,39619889.35257155,-0.4286083029355403,-2501.913095437172,-93.0124753875381,Aura,-0.5575685995895974
2024-05-17 20:06:07,0.850491200331723,63743.95549551208,39532525.72768646,-0.4460901661323069,-673.6687397822825,-73.07385532251796,Aura,-0.22050446458256046
2024-05-17 21:06:31,0.8463441144165975,63540.75040038106,39566954.4972886,-0.48761067880631614,-203.2050951310157,-69.83605099493144,Aura,0.08708972919995173
2024-05-17 22:01:29,0.856242221115469,63356.77335019844,39709863.4622881,1.1695132665623165,-183.9770501826206,-9.462383281284314,Aura,0.361182625287193
2024-05-17 23:01:00,0.8576445876559354,65384.02927475285,39858414.77316167,0.16378152185014816,2027.2559245544107,-1201.9069620597252,Aura,0.3740917190880211
2024-05-18 00:06:56,0.8571302938048192,65755.60261361774,40025185.29231776,-0.059965848151843915,371.5733388648878,-81.67111836427068,Aura,0.418407305220736
2024-05-18 01:03:34,0.8560626989246274,66315.13722769517,39701537.77884133,-0.12455456164695011,559.5346140774345,50.58524268365056,Aura,-0.8086096569265622
2024-05-18 02:03:32,0.8560795637445775,66212.43155002178,39667410.15121115,0.001970044947796623,-102.70567767339526,-118.35555389950937,Aura,-0.08596046787983092
2024-05-18 03:03:25,0.8566218470403657,64926.44149288949,39783545.34932039,0.0633449645049522,-1285.990057132287,1152.1119438223695,Aura,0.2927723228376422
2024-05-18 04:02:43,0.8632788617221401,64681.264584807184,40594534.8173663,0.777124083955405,-245.1769080823069,-80.93477420587195,Aura,2.0385047660408384
2024-05-18 05:04:52,0.8565590646478793,65069.10822083467,40265545.49959175,-0.7784039865004422,387.84363602748635,-258.1893005589603,Aura,-0.81042760867851
2024-05-18 06:05:11,0.8597567722068566,62512.27911854777,40232609.55973158,0.37332014696405125,-2556.8291022869016,-759.2422473333299,Aura,-0.08179683014727379
2024-05-18 07:05:14,0.8622387608482138,61999.24649260708,40461366.4122616,0.2886849771460698,-513.0326259406866,-79.93480966397732,Aura,0.5685856697671854
2024-05-18 08:04:57,0.858192563531562,61744.49429908041,40297563.81305762,-0.46926646079693546,-254.75219352667045,-50.34386106350218,Aura,-0.40483704266186527
2024-05-18 09:03:33,0.8652268124970013,64221.20213461414,40579931.82336976,0.8196585783139865,2476.707835533729,-1072.2027517201489,Aura,0.7007073966606603
2024-05-18 10:03:51,0.8599007917745286,64019.69714454074,40351655.010215774,-0.6155635314978314,-201.50499007340113,-108.13600163823833,Aura,-0.56253621654071
2024-05-18 11:03:44,0.8650862807735921,64108.612633336,40595264.708686896,0.6030334020698414,88.9154887952609,-144.12570069002862,Aura,0.6037167457182191
2024-05-18 12:03:33,0.8600330202272601,64669.47583098221,40425816.050687656,-0.5841337053470674,560.8631976462057,530.7823364022254,Aura,-0.41740991028192953
2024-05-18 13:02:54,0.8482283481791504,63916.51947168724,39803914.59458605,-1.3725835834757172,-752.9563592949635,-234.24955719236385,Aura,-1.5383769997910135
2024-05-18 14:00:45,0.8415699912144309,56232.13352748142,39514042.87525559,-0.7849722281756621,-7684.385944205824,920.5619289013189,Aura,-0.7282492746828684
2024-05-18 15:06:43,0.8425276937952322,53165.84810069684,39536406.01541887,0.11379951647507713,-3066.285426784576,-60.09719645723137,Aura,0.056595424148020435
2024-05-18 16:07:13,0.8392865966064358,51582.75942353944,39418808.197374456,-0.38468731801521994,-1583.0886771574005,-48.371124771072346,Aura,-0.29744185143827373
2024-05-18 17:07:06,0.8270601535996456,26953.18374476012,38840484.270671,-1.456766145941868,-24629.57567877932,1455.7925487158604,Aura,-1.4671268695078732
2024-05-18 18:06:39,0.8228584578577024,26821.19753173362,39283941.322993554,-0.5080278288895901,-131.9862130265028,-99.46411495371306,Aura,1.1417392461746667
2024-05-18 19:02:32,0.8172616690747483,21859.10716067357,40978212.58097333,-0.6801642165197186,-4962.090371060047,3659.552045078875,Aura,4.312885115191034
2024-05-18 20:04:55,0.8132990488355775,21227.990309575205,38164824.30609848,-0.48486554418453176,-631.1168510983662,-87.28123020936555,Aura,-6.865570989255721
2024-05-18 21:04:02,0.8267548274712335,18051.9068055747,38796249.39907849,1.6544687535195113,-3176.083504000504,403.2480908207406,Aura,1.6544687535194669
2024-05-18 22:03:46,0.8386188500564508,34168.95598753495,39352979.83934726,1.4350109840308267,16117.04918196025,-607.4504231913196,Aura,1.4350109840308267
2024-05-18 23:03:28,0.8296452346509391,32614.06838954896,38959813.91266063,-1.0700469474192786,-1554.8875979859913,-109.64747070280316,Aura,-0.9990753642841521
2024-05-19 00:02:59,0.8380520968955874,67027.0272264893,39485585.47194148,1.0133080856163046,34412.958836940335,-2313.211995613999,Aura,1.3495227684082733
2024-05-19 01:01:58,0.8360985880244202,66277.1429575757,39310516.92526751,-0.23310112562257013,-749.8842689135927,-102.17907525030552,Aura,-0.4433733084656222
2024-05-19 02:02:06,0.837967737181012,68656.6893995238,39261767.96083604,0.22355607142077183,2379.5464419480995,-417.32182425902965,Aura,-0.12400998064754365
2024-05-19 03:02:07,0.8373470224226638,68609.1590490812,39293298.12908261,-0.07407382537618634,-47.53035044261196,-101.99745420407511,Aura,0.08030756097898717
2024-05-19 04:01:59,0.8371591691197944,67549.45742717279,39180169.08273887,-0.022434342971200394,-1059.7016219084035,2129.5262122838435,Aura,-0.28790926628786684
2024-05-19 05:01:57,0.8404166036911883,70490.11793332334,39437341.12283043,0.3891057628645278,2940.6605061505543,-377.49891529417073,Aura,0.6563831808598763
2024-05-19 06:02:38,0.8350895703197873,69962.9003854528,39194165.81324803,-0.6338562741388332,-527.2175478705467,-117.92854179419359,Aura,-0.6166118269104626
2024-05-19 07:02:33,0.8330231547910409,69786.63214344205,39158728.475190006,-0.2474483698742591,-176.26824201074487,-66.56631731574574,Aura,-0.09041482915308485
2024-05-19 08:02:28,0.8343125771640759,70077.29698238069,39084426.93642324,0.15478829917499048,290.66483893863915,-264.8991534850168,Aura,-0.18974451331799091
2024-05-19 09:02:15,0.8332946521377308,68223.30754475071,39103136.83457581,-0.12200763289523797,-1853.989437629978,-737.8444136551944,Aura,0.047870468161148594
2024-05-19 10:01:20,0.8315759444794179,68041.69152655308,38968597.01773429,-0.20625449280200492,-181.61601819763018,-90.2040424550748,Aura,-0.3440640003145701
2024-05-19 11:01:09,0.8333305783684593,68227.69422085136,39188339.27419333,0.2110010397354367,186.0026942982804,-202.415357491142,Aura,0.5638957347092521
2024-05-19 12:06:15,0.8289348131259044,67768.03063323666,38904902.83248955,-0.5274935729780994,-459.66358761470474,-347.12738132576305,Aura,-0.7232672957142472
2024-05-19 13:00:18,0.8284806930101078,70392.00855265006,38924445.66106124,-0.05478357388370991,2623.9779194134026,-670.8474610812225,Aura,0.05023230274043833
2024-05-19 14:04:28,0.83006691998326,70488.77243393342,38951672.4614662,0.19146215313587955,96.76388128336112,-96.31232105394419,Aura,0.06994781799087857
2024-05-19 15:03:33,0.827437596332766,70158.45492160326,38815336.247306034,-0.3167604427058657,-330.3175123301626,-441.36447189718274,Aura,-0.3500137620407462
2024-05-19 16:07:09,0.8233898546208815,70235.31522910463,38622697.30848239,-0.48918996789899527,76.86030750136706,-123.26861417645421,Aura,-0.496295942398306
2024-05-19 17:05:53,0.8179302552267061,69876.75734016651,38382148.03037401,-0.6630637192741706,-358.55788893811405,-566.5059256128225,Aura,-0.6228184328688768
2024-05-19 18:06:33,0.8192327812989585,70003.73990887462,38383756.53345764,0.15924659393988794,126.98256870810292,-135.41480263735593,Aura,0.0041907583763878264
2024-05-19 19:06:07,0.8182511765030993,69837.29503227958,38397207.56369964,-0.11982000943648874,-166.44487659503648,-231.07694881936612,Aura,0.03504354825270006
2024-05-19 20:05:34,0.8270213973454029,77042.94540473947,38808758.4416349,1.071825020745365,7205.650372459888,-4429.151200004414,Aura,1.071825020745365
2024-05-19 21:04:19,0.8273954469743959,78995.07764491484,38790536.99190901,0.045228530990093496,1952.1322401753714,-72.90831307002554,Aura,-0.046951900698632976
2024-05-19 22:04:19,0.8244880740348588,66660.83117154606,38616120.44717167,-0.35138855914288447,-12334.246473368781,-731.8345765479866,Aura,-0.4496368399687811
2024-05-19 23:07:28,0.8244120341668435,66818.84136631723,38712806.38709799,-0.009222676520126427,158.01019477116643,-101.28106889312072,Aura,0.2503771451059844
2024-05-20 00:04:47,0.833094239597078,21354.92368136245,38071747.1601124,1.0531390943375518,-45463.91768495478,-28872.774915439193,Aura,-1.6559358176606809
2024-05-20 01:05:02,0.8077137025890834,32086.97914405134,37902726.66994438,-3.0465385308953485,10732.055462688892,-123.60565478993118,Aura,-0.44395254427698205
2024-05-20 02:05:30,0.8233998682687794,32495.059928577142,38911435.51439515,1.942045260519265,408.0807845258023,-96.19755240788182,Aura,2.6613094441319873
2024-05-20 03:07:34,0.8247143641122353,31414.894079950995,38651897.78653574,0.1596424646289618,-1080.1658486261476,-364.6941217487908,Aura,-0.6669960242494555
2024-05-20 04:07:34,0.8240209114881307,33039.56657198697,38677434.06091614,-0.08408397552903679,1624.6724920359775,-250.40954072954466,Aura,0.0660673235798992
2024-05-20 05:02:40,0.8443969741458474,17797.2878207678,38882760.41590859,2.472760384310968,-15242.278751219172,-1038.1754677287686,Aura,0.5308686058880241
2024-05-20 06:03:55,0.8298467899200899,29806.80204527933,38835051.07448814,-1.7231449982960667,12009.514224511531,-178.79080563036504,Aura,-0.12270049993912124
2024-05-20 07:07:48,0.8212276790035107,45833.73925893895,38492232.19656418,-1.0386388211984454,16026.937213659618,33.45200242111781,Aura,-0.8827563462358023
2024-05-20 08:08:02,0.8254213397876838,50836.36270338684,38729197.730617896,0.5106575059990348,5002.6234444478905,-68.78615434904057,Aura,0.6156191016505108
2024-05-20 09:06:43,0.822261516854287,52041.7908511385,38585396.563957125,-0.38281333194143397,1205.4281477516633,-75.90407990652395,Aura,-0.37129911045662434
2024-05-20 10:05:57,0.8200005666609728,52147.63948454168,38479299.34545402,-0.2749672880185239,105.84863340317679,-91.21900101631083,Aura,-0.2749672880185128
2024-05-20 11:04:38,0.8302873782799972,57621.300308737045,38883659.62481753,1.254488354918104,5473.660824195365,5071.215393349695,Aura,1.050851461024016
2024-05-20 12:04:35,0.8280268346364017,57215.68107372584,38906973.89279524,-0.2722603887196695,-405.6192350112033,-107.41038306974072,Aura,0.05995903729913987
2024-05-20 13:03:56,0.8259465485339234,54639.16309249282,38688969.24337018,-0.25123414066547944,-2576.5179812330243,535.2060649100777,Aura,-0.5603228100590663
2024-05-20 14:04:32,0.8304014335345228,60268.82481149169,38967369.82509921,0.5393672276380324,5629.661718998876,-318.4988329211944,Aura,0.7195864536420293
2024-05-20 15:01:15,0.8303699301502213,64313.96233037046,38965891.4991026,-0.003793753602687744,4045.1375188787642,-28.14599312020275,Aura,-0.0037937536026766416
2024-05-20 16:00:46,0.8333838861468009,64389.02722523396,39020097.555240855,0.36296545517180423,75.06489486349892,-98.14431785042736,Aura,0.13911155128967234
2024-05-20 17:00:38,0.8387222523239302,69401.6252308861,39343137.17400509,0.6405650824149678,5012.598005652144,6577.686040548325,Aura,0.8278800900149097
2024-05-20 18:00:25,0.843769673972612,69782.41767439051,40090260.480197415,0.60179894293928,380.7924435044115,-92.40329180446876,Aura,1.898992708405478
2024-05-20 19:02:52,0.8399850553931748,70247.11059290836,39966596.35232045,-0.4485369285220475,464.6929185178451,22.03312498570147,Aura,-0.30846426637225477
2024-05-20 20:02:43,0.9184798762111906,86521.59560451726,43717620.89071992,9.344787780929575,16274.485011608907,3402.2020700287335,Aura,9.385399010045269
2024-05-20 21:02:45,0.9418870044398332,115634.29663656678,44210239.4549274,2.5484639168360523,29112.701032049517,78.88554391295858,Aura,1.1268192416940215
2024-05-20 22:05:43,0.9550746048660071,116217.63351713674,45203396.82268591,1.400125531407781,583.3368805699574,-97.9962804552976,Aura,2.2464419555362047
2024-05-20 23:05:07,0.9802644695865832,118687.06940850853,46641108.81847816,2.637476129323968,2469.435891371788,323.3292928365837,Aura,3.1805397311883254
2024-05-21 00:06:27,1.0020884379310002,128019.41491498188,47660407.93889326,2.2263347312405424,9332.345506473357,277.9140628465223,Aura,2.185409280002526
2024-05-21 01:02:36,0.9998186991237508,128542.63993518216,47574421.21719666,-0.2265008477630781,523.225020200276,-94.39342424862708,Aura,-0.1804154127401647
2024-05-21 02:05:45,1.0128343547397265,135604.99350289788,48193996.9313482,1.3018015793646143,7062.35356771572,1249.7736719494887,Aura,1.3023294835746269
2024-05-21 03:05:24,1.0091065148838871,143580.5808448942,48018954.82255374,-0.36806017078649944,7975.587341996317,12.931011815314397,Aura,-0.3632031371952893
2024-05-21 04:02:32,1.00062858651202,141119.63527944314,47653002.32260638,-0.8401420709133745,-2460.945565451053,-130.85597912636072,Aura,-0.7621000942225398
2024-05-21 05:02:35,0.9910871383941396,150305.62032215053,47495493.01705337,-0.9535454259946508,9185.985042707383,-473.27054981095193,Aura,-0.3305338549010606
2024-05-21 06:07:19,0.9981876127707844,157138.78706903665,47480551.57681683,0.716432904996589,6833.166746886127,-25.61313005499747,Aura,-0.03145864857362346
2024-05-21 07:07:09,0.9995015684470084,143571.39070399085,47589332.47740096,0.13163413965604498,-13567.396365045803,-298.5521042820807,Aura,0.229106227648046
2024-05-21 08:02:07,0.9871786960819892,140501.31780486932,47018432.92060368,-1.232901753637683,-3070.072899121529,-77.37168712022688,Aura,-1.199637664740072
2024-05-21 09:02:22,1.002777104857685,145239.20171983275,47681860.769734114,1.580099817551206,4737.88391496343,-254.32480174393018,Aura,1.4109952372311385
2024-05-21 10:01:56,1.0005577786338316,154036.96995782023,47652327.7602383,-0.22131799909496097,8797.768237987475,85.68982262739509,Aura,-0.06193761950364918
2024-05-21 11:02:08,1.0135542651073912,149937.42449109076,48138566.35341344,1.2989241352263647,-4099.545466729469,-146.59756151597892,Aura,1.0203879139370597
2024-05-21 12:03:06,1.0197631331549473,157728.98920321156,48805328.538648985,0.6125836831142095,7791.564712120802,-290.05923401397837,Aura,1.3850894111396173
2024-05-21 13:03:05,1.0292189840889423,159343.19802526425,48980594.3980942,0.9272595396482508,1614.208822052693,-79.28261033959483,Aura,0.35911213937720454
2024-05-21 14:07:17,1.0228405339138842,160021.11862333733,48674380.98841159,-0.6197369338949987,677.9205980730767,-58.002918283459415,Aura,-0.6251729147952578
2024-05-21 15:07:28,1.0191092808973818,161741.887832481,48647341.85442235,-0.36479322951983306,1720.7692091436766,153.8304949037978,Aura,-0.055551058770886286
2024-05-21 16:07:05,1.0313681597978537,162835.14667384952,48979945.810823776,1.2029013110034015,1093.2588413685153,-36.466852407676186,Aura,0.6837042759638257
2024-05-21 17:06:19,1.0237485153361348,168225.66779888523,49137448.416426994,-0.7387899645081464,5390.52112503571,393.06906297578934,Aura,0.32156549582873506
2024-05-21 18:07:19,1.012527115970495,166596.34406836616,48078348.87804236,-1.0961089757434594,-1629.3237305190705,-130.22571830674863,Aura,-2.1553816335944886
2024-05-21 19:01:59,1.0142961901471244,168285.51382303596,48272900.14383064,0.17471869629226422,1689.1697546697978,-203.67305913672914,Aura,0.404654632133461
2024-05-21 20:07:11,1.0085108015578614,148472.44649596524,47903263.5019716,-0.5703845331829327,-19813.06732707072,-1272.9470807949565,Aura,-0.7657228812805839
2024-05-21 21:07:23,1.010645789299418,123040.2047184146,48110122.31040789,0.21169706246662034,-25432.241777550633,28.360951677595114,Aura,0.43182612898133854
2024-05-21 22:01:12,1.0174678062558504,133672.18698838496,48359681.16869211,0.6750156215622694,10631.98226997035,-141.80513209557225,Aura,0.5187242233018141
2024-05-21 23:06:27,1.0292118556195464,139120.05574534868,48473347.1074755,1.154242845964104,5447.868756963726,-48.759613977620766,Aura,0.23504277951478247
2024-05-22 00:07:19,1.0179163825070192,128035.01115831624,48501916.30801637,-1.0974876601793304,-11085.044587032447,-303.47488314330286,Aura,0.05893795713658445
2024-05-22 01:08:00,1.0155389178726748,133716.1492529355,48801529.29741799,-0.23356187946292906,5681.138094619251,-151.25047581013055,Aura,0.6177343334207608
2024-05-22 02:08:48,1.0226386446622429,127376.41320345884,48660746.57269309,0.6991092773126262,-6339.736049476647,-211.5927115991278,Aura,-0.2884801496012779
2024-05-22 03:08:33,1.0259290909371026,127320.02844429656,48819692.29608858,0.3217604079441383,-56.38475916227617,-99.11061345894787,Aura,0.32664053593596254
2024-05-22 04:08:38,1.032745677937131,177358.09848834234,49154574.81807297,0.664430618085099,50038.07004404577,-88843.96341755308,Aura,0.6859578711667202
2024-05-22 05:06:04,1.0382119331309303,198545.5290716436,49421191.2793074,0.5292934466419652,21187.430583301262,-57.65737854267535,Aura,0.5424041652709155
2024-05-22 06:04:04,1.0251573508005225,192172.0095899353,48794066.41712708,-1.257410160085437,-6373.519481708296,-130.0816064347677,Aura,-1.2689391856948173
2024-05-22 07:06:50,1.0291731003241866,182406.342761656,48994244.28381805,0.39172030718293005,-9765.666828279296,53.22251475509419,Aura,0.41025042877078643
2024-05-22 08:01:48,1.023361244549922,182483.35832081508,48822757.35853769,-0.5647112009081745,77.01555915907375,-100.78863594789095,Aura,-0.35001443085224127
2024-05-22 09:03:28,1.029252944767078,174130.54488460135,48994809.34675003,0.5757204749088585,-8352.813436213735,-10945.618115894224,Aura,0.35240121107631417
2024-05-22 10:08:29,1.0218641808898477,172815.75778419507,48707935.60745858,-0.7178763893556206,-1314.7871004062763,-84.25935033211685,Aura,-0.5855186357827558
2024-05-22 11:08:45,1.024438777858709,173275.02831312016,48780053.46372232,0.25195099476129634,459.270528925088,-134.93117089323215,Aura,0.1480618206547435
2024-05-22 12:07:19,1.0075351233123355,166547.5563401151,48112070.68919232,-1.6500404818436842,-6727.471973005071,-1564.8168234854004,Aura,-1.3693768807096052
2024-05-22 13:05:48,0.9900675880362588,167728.1792991754,47152446.1105685,-1.7336899599739053,1180.6229590603034,-117.54928097504857,Aura,-1.9945609591885294
2024-05-22 14:00:32,0.99816442095544,181572.65313687013,47523884.92219508,0.8178060787991992,13844.473837694735,1072.6414204848265,Aura,0.7877402812901391
2024-05-22 15:03:32,1.0329456030524191,238404.67600649,48995626.023989625,3.484514311147935,56832.02286961986,310.50330648812184,Aura,3.0968451005300768
2024-05-22 16:03:25,1.0402091444474515,245329.5419694544,49577237.63981764,0.703187212721379,6924.865962964424,-87.81520415197788,Aura,1.1870684447286006
2024-05-22 17:03:45,1.0228353762338929,237463.1824153545,48724137.9140251,-1.6702187542090297,-7866.359554099909,-213.59583847789665,Aura,-1.7207488081332323
2024-05-22 18:04:13,1.0238617628381297,236956.33380058856,48768988.90318833,0.10034719448364093,-506.84861476594233,-93.55675759186757,Aura,0.092050862433668
2024-05-22 19:00:57,1.0157814269744034,227699.4909590449,48312431.71547066,-0.789201839252951,-9256.842841543665,1726.3525975736134,Aura,-0.9361629141501959
2024-05-22 20:04:07,1.017276499425685,228740.8016627853,48461893.59781736,0.14718446425376897,1041.310703740397,-111.24909131077727,Aura,0.30936526488034577
2024-05-22 21:01:13,1.0300332074129603,229433.25633478464,49151122.04890286,1.2540059653867175,692.4546719993523,-33.50162737096151,Aura,1.4222070165176959
2024-05-22 22:05:48,0.9800464411272688,326857.4034600947,46710059.90094823,-4.8529276460162585,97424.14712531006,13969.389819266204,Aura,-4.966442364277879
2024-05-22 23:06:05,0.975675696880104,323532.37970110413,46579832.72398792,-0.44597317675451054,-3325.0237589905737,-103.41293596823982,Aura,-0.2787989936995583
2024-05-23 00:00:51,0.9727618735476562,329181.82765197015,46266716.2805679,-0.298646706253447,5649.447950866015,-269.90699496779234,Aura,-0.6722146154440223
2024-05-23 01:03:49,0.9743265730060484,322510.5608360645,46550045.14476614,0.16085123203748442,-6671.266815905634,-218.0870568934613,Aura,0.6123816146365257
2024-05-23 02:06:27,0.9786416686451448,342375.62538570084,46656066.97611824,0.4428798062833472,19865.06454963633,-397.77049993374635,Aura,0.2277588153188237
2024-05-23 03:06:40,0.9734391926883728,351558.96161687915,46401127.836978845,-0.5316017213914948,9183.336231178313,-53.77142516586269,Aura,-0.546422267590374
2024-05-23 04:08:29,0.9648832327396116,332820.6867840252,45990268.26630202,-0.8789413877133834,-18738.27483285393,-304.0464855161861,Aura,-0.8854516901405929
2024-05-23 05:08:46,0.9593760221957156,299069.1914806488,45765718.43443682,-0.5707644569860837,-33751.4953033764,80.1206119797096,Aura,-0.48825510337310307
2024-05-23 06:06:43,0.9582566525080076,299236.56896063546,45686351.985045984,-0.11667684638877462,167.3774799866369,-100.49591130254278,Aura,-0.17341899593368293
2024-05-23 07:05:49,0.9654984196066634,301169.8081913782,46017272.113654405,0.7557231227878436,1933.2392307427363,1055.0175273860511,Aura,0.7243303836487858
2024-05-23 08:07:58,0.9713979521798796,301555.0337016195,46012960.87945017,0.6110349280136207,385.22551024128916,-80.07357267970978,Aura,-0.00936873049228737
2024-05-23 09:07:34,0.9636291852205215,302263.2679943023,45786740.270003445,-0.7997512185324629,708.2342926828424,83.84927110336851,Aura,-0.49164540843047444
2024-05-23 10:07:36,0.9601740020098228,311332.5152801191,45798098.27935319,-0.35855941929654467,9069.24728581676,1180.5433709601664,Aura,0.02480632882524425
2024-05-23 11:07:43,0.9731966378704392,319440.5603622562,46418823.5742086,1.3562787404530319,8108.045082137105,-10.59847827925987,Aura,1.3553516809130306
2024-05-23 12:03:46,0.9923169753564484,325204.50533360033,46787697.61519484,1.9646941575803822,5763.944971344143,-28.910792762576854,Aura,0.7946647773107163
2024-05-23 13:03:54,0.9885914223715788,327582.0417322927,47123275.48518361,-0.3754398118132829,2377.5363986923476,-58.751577079371216,Aura,0.7172352714355013
2024-05-23 14:04:30,0.9502739599619408,300065.4634461403,45297656.93467668,-3.8759654941893484,-27516.57828615239,-1257.3567622891744,Aura,-3.874133391005341
2024-05-23 15:07:10,0.959392827064126,241892.8946358187,45306352.5574995,0.9596040180402721,-58172.568810321594,111.40916652270208,Aura,0.019196628283357775
2024-05-23 16:05:06,0.9498421868937916,244877.186225493,45676302.22059427,-0.9954879691523866,2984.291589674307,-105.13006671478603,Aura,0.8165514154450326
2024-05-23 17:07:54,0.946518808125466,243385.2724637157,44990515.95345558,-0.34988746701111184,-1491.9137617773085,-149.99222485293836,Aura,-1.5014049601184354
2024-05-23 18:07:55,0.942069949949046,242629.6215079933,45281456.56544107,-0.47002321963688365,-755.6509557224053,-49.350225523611854,Aura,0.6466709834723305
2024-05-23 19:07:17,0.9485985809078596,270207.08937431726,45268886.27128624,0.6930091506651692,27577.467866323976,-3749.4981786875137,Aura,-0.027760357347750286
2024-05-23 20:07:13,0.9210870469730372,265140.6920304896,44720909.17184141,-2.9002292949344755,-5066.397343827644,-118.37151027928287,Aura,-1.2104938835051593
2024-05-23 21:04:50,0.9296551038210908,265284.2426955738,44315578.21505583,0.9302114144597695,143.5506650841562,-102.83338742191319,Aura,-0.9063567004599205
2024-05-23 22:05:02,0.9478260496449564,172544.18840653982,45181766.08149069,1.9545900139932515,-92740.05428903396,-64704.40586232418,Aura,1.9545900139932737
2024-05-23 23:04:34,0.9409279006929028,162916.74874563536,44845475.096950926,-0.72778638597637,-9627.439660904463,-89.6188979673232,Aura,-0.7443068602790315
2024-05-24 00:04:45,0.934235337875216,155975.4267597597,44332546.808841474,-0.7112726504080014,-6941.321985875664,-27.900644092704173,Aura,-1.1437682107293012
2024-05-24 01:01:36,0.9417157982601828,157926.40290674087,44822931.48633079,0.8007040712011637,1950.9761469811783,-128.1066942428411,Aura,1.1061504758655527
2024-05-24 02:04:12,0.9406935632451616,138881.41366893327,44842026.56433309,-0.10855026717293548,-19044.989237807604,-1076.1774518502782,Aura,0.0426011360013856
2024-05-24 03:07:18,0.9547421748752556,132677.38848496432,45454647.64288818,1.493431248921251,-6204.0251839689445,-67.42437022934683,Aura,1.3661761643983361
2024-05-24 04:02:34,0.943292026416364,116660.73366210604,45031278.587002255,-1.1992922026711206,-16016.654822858283,158.16553524387592,Aura,-0.9314098290060469
2024-05-24 05:02:38,0.9344488839229204,109626.04733517418,44560908.5217681,-0.9374766504747667,-7034.6863269318565,-56.07892906019143,Aura,-1.044540772532987
2024-05-24 06:07:36,0.9204730035692912,107207.7287692995,44041411.702000126,-1.495628128416926,-2418.3185658746806,-65.62293678090097,Aura,-1.165812899694807
2024-05-24 07:07:57,0.9086401134392784,106004.60132652152,43415848.990327336,-1.2855227784116074,-1203.1274427779863,-50.2494228942568,Aura,-1.420396593791251
2024-05-24 08:07:17,0.9099561261684432,111844.29814478142,43201847.35584068,0.1448332194122104,5839.6968182599085,-585.3764123920421,Aura,-0.49291132032067697
2024-05-24 09:07:32,0.910872217534516,131862.72222496636,43238214.41877826,0.1006742346941536,20018.424080184937,242.79903055223943,Aura,0.08417941630605164
2024-05-24 10:04:10,0.9035354504795582,118935.79593272132,43005348.21807899,-0.8054661140962649,-12926.926292245043,-164.5751445791412,Aura,-0.5385657197678695
2024-05-24 11:07:58,0.9061666570223448,108815.84075322287,43195451.552814834,0.29121231949338355,-10119.955179498444,-21.71414185621622,Aura,0.44204579805244837
2024-05-24 12:05:53,0.9050150168577936,108752.11031672626,43070376.893306576,-0.12708922311657211,-63.73043649661122,-99.37024981468574,Aura,-0.28955516150891425
2024-05-24 13:06:00,0.9128539839941124,109486.64165569223,43531582.10077312,0.8661698414171859,734.5313389659714,-1252.5597176869,Aura,1.0708176726872631
2024-05-24 14:02:25,0.9160315096267112,108012.29634474908,43485759.72888437,0.34808695457468897,-1474.3453109431575,-300.71918415607036,Aura,-0.10526236281206414
2024-05-24 15:01:27,0.911654327710276,99423.72499976274,43474404.641040266,-0.47784185046417793,-8588.57134498634,482.53458543522083,Aura,-0.026112198372285622
2024-05-24 16:00:49,0.9008709946906688,151960.71544639897,42937721.002114594,-1.1828313311132765,52536.990446636235,-711.7081448861131,Aura,-1.2344818597447516
2024-05-24 17:01:28,0.8795547441075421,150928.40226287954,42018253.16400895,-2.366182362264424,-1032.3131835194363,-101.96492637804975,Aura,-2.141398790262672
2024-05-24 18:01:11,0.8898254020879702,155126.51411466833,42418651.99930973,1.167711054853049,4198.111851788795,-506.6703708535709,Aura,0.9529164235788423
2024-05-24 19:01:46,0.9000930907574946,132245.17898810984,43005878.93921071,1.153899253205326,-22881.335126558493,-645.0387206050469,Aura,1.3843602100098273
2024-05-24 20:04:27,0.9033232593799948,132458.4742952744,43124879.76898869,0.35887050524761044,213.2953071645752,-100.93218033818754,Aura,0.27670828433987715
2024-05-24 21:04:03,0.8947528893799442,132201.33853993908,42777017.13910181,-0.9487600270508878,-257.13575533533003,-220.5538737600674,Aura,-0.8066402312315035
2024-05-24 22:03:37,0.8942638063509232,127367.71338589056,42745083.615850896,-0.054661240530895494,-4833.625154048525,1779.795031906398,Aura,-0.07465112199636081
2024-05-24 23:02:35,0.8936894131847141,129263.93830474396,42728600.86807497,-0.06423084129424383,1896.2249188534042,-139.22987113026696,Aura,-0.03856056973489119
2024-05-25 00:02:34,0.9025149914803696,129512.03741338175,43157324.46420323,0.9875442368960208,248.09910863779078,-86.91615608617728,Aura,1.0033644617851056
2024-05-25 01:01:00,0.904085176693286,128818.38496801363,43299288.3626062,0.17397885107048872,-693.6524453681195,-379.5868349453882,Aura,0.3289450867620891
2024-05-25 02:06:37,0.8976480714979629,146946.0921777968,42875209.87537913,-0.7120020725112419,18127.707209783155,-2713.3703313282244,Aura,-0.9794121410856893
2024-05-25 03:07:09,0.902804221308568,141899.15096411345,43103299.02516492,0.5744066048067875,-5046.941213683342,-127.84103447434107,Aura,0.5319837510970871
2024-05-25 04:06:36,0.8997002316364815,132765.3133414145,43138570.81181094,-0.3438164774625663,-9133.83762269895,80.97768997061337,Aura,0.08183082836752398
2024-05-25 05:00:42,0.912109904593322,131255.14672482735,43583559.38675818,1.3793119664166742,-1510.166616587143,-83.46624191310174,Aura,1.0315329566398246
2024-05-25 06:00:45,0.8974319964999887,131051.92292022612,42918256.84371339,-1.6092258202017429,-203.22380460123532,-86.54295477273196,Aura,-1.526498873442006
2024-05-25 07:00:31,0.8990884946067103,131892.67828294632,42945080.31254331,0.18458201993933887,840.7553627201996,-513.7090949408832,Aura,0.06249897084031897
2024-05-25 08:00:38,0.896614362704176,127833.29784565266,42812486.55972947,-0.27518224483747966,-4059.3804372936575,-582.8253993123329,Aura,-0.30875190324213264
2024-05-25 09:00:44,0.8969728268007077,118825.00089372952,42836625.65731358,0.03997974061562548,-9008.296951923141,121.91309957459593,Aura,0.05638331132771235
2024-05-25 10:01:44,0.9001399664857708,121806.9713143966,43125736.81338466,0.3530920436418894,2981.970420667072,-133.10248803499385,Aura,0.6749158030885161
2024-05-25 11:01:26,0.9037099685498918,124442.90182526872,43191923.50734997,0.39660521663744674,2635.930510872131,-11.604404503701659,Aura,0.15347376962326909
2024-05-25 12:04:10,0.8985051123075479,123888.41440074184,42930684.86956715,-0.575943214469099,-554.4874245268875,-121.03573755984289,Aura,-0.6048321458486661
2024-05-25 13:02:50,0.8959617946551867,123216.176986887,42811255.266563416,-0.2830610107303122,-672.237413854833,21.23582684105323,Aura,-0.27819170219759437
2024-05-25 14:03:43,0.8967054792303695,123458.19634514398,42785134.366326325,0.08300404990695398,242.01935825697728,-136.00206612559063,Aura,-0.061014095649492006
2024-05-25 15:01:07,0.9127074662552952,125130.44965369094,43560500.39091345,1.784530974279308,1672.2533085469622,590.9584921596875,Aura,1.8122323000050455
2024-05-25 16:00:34,0.912278813180289,63368.07154778865,43588971.018982776,-0.04696500147685079,-61762.378105902295,-3793.3625898798937,Aura,0.0653588177679909
2024-05-25 17:00:15,0.9032414628924492,60619.30242134738,43159272.337407246,-0.9906346784854914,-2748.7691264412715,-95.54944415882427,Aura,-0.9857968002694895
2024-05-25 18:00:24,0.9022175499072194,60522.4764477326,43053166.09115367,-0.11335982982346726,-96.82597361477383,-96.47747885832338,Aura,-0.2458480889670045
2024-05-25 19:00:20,0.9107856614476584,56763.62963298881,43511002.795323,0.9496724533146317,-3758.846814743796,3782.0645684375195,Aura,1.0634216847141609
2024-05-25 20:00:25,0.8962526222987914,74403.7789724036,42843816.2318126,-1.5956596336581863,17640.14933941479,-569.2968404624157,Aura,-1.5333743665915223
2024-05-25 21:04:53,0.896762404212215,74273.02742098802,42883011.66198868,0.056879266039522314,-130.75155141558207,-100.74121567170316,Aura,0.09148445125433113
2024-05-25 22:05:24,0.8927952597026416,73857.69377047915,42208996.96121478,-0.44238523949478026,-415.3336505088664,217.65103053252935,Aura,-1.5717522502537884
2024-05-25 23:05:38,0.8948662129122056,71937.70007191325,42812760.931121625,0.23196283661426342,-1919.9936985659006,362.27742351565445,Aura,1.4304153459548719
2024-05-26 00:03:06,0.8831791898672455,46893.99531476735,42144117.93707453,-1.3060078564064215,-25043.704757145897,1204.3639036863387,Aura,-1.5617843360366979
2024-05-26 01:02:52,0.894730272185889,71982.59613487594,42728433.38463487,1.3078979273028146,25088.600820108593,-200.1792708522883,Aura,1.3864697522742775
2024-05-26 02:00:31,0.8981733991408845,53327.66000346329,42802364.18934038,0.384822897137882,-18654.936131412658,-174.35622362989915,Aura,0.17302484282539776
2024-05-26 03:02:43,0.8931920628281388,53184.18682158308,42704025.34657458,-0.5546074196263628,-143.47318188021018,-99.23091035600696,Aura,-0.22975096032263886
2024-05-26 04:02:35,0.8974705647307856,53405.3754709353,42928630.46760549,0.4790125305300652,221.18864935222518,-254.16724328097908,Aura,0.5259577269544735
2024-05-26 05:08:00,0.8968383054201144,53393.14207891697,42824529.08176642,-0.07044903036578232,-12.23339201833005,-105.53075035909703,Aura,-0.24249873500535868
2024-05-26 06:03:23,0.8975120834089889,52915.63582529222,42887112.90430242,0.075128145709491,-477.50625362474966,3803.3021496349697,Aura,0.1461401301494858
2024-05-26 07:03:18,0.8971697168111179,51841.76402458483,42826615.83269312,-0.03814618256398061,-1073.8718007073912,124.89167263373643,Aura,-0.14106118950997226
2024-05-26 08:08:34,0.902058142515247,51132.941395525086,43092693.35981084,0.5448719024427673,-708.8226290597449,-33.993738489750605,Aura,0.6212901065010046
2024-05-26 09:08:20,0.903376157673326,38287.91658928113,43047504.270687,0.1461119961074786,-12845.024806243957,1712.163477805853,Aura,-0.1048648520214801
2024-05-26 10:07:01,0.9028782950419036,34705.10369978424,43181550.44967236,-0.05511133177398264,-3582.8128894968904,-72.10738831928695,Aura,0.3113912902882099
2024-05-26 11:06:57,0.9026281710958096,32414.975068320146,43194453.34108214,-0.027702952598107622,-2290.128631464093,-36.08014981252119,Aura,0.029880565369722056
2024-05-26 12:02:47,0.904137004645708,32471.42790591017,43132454.21890784,0.16716003313597128,56.45283759002268,-102.4650509501701,Aura,-0.14353491566319043
2024-05-26 13:01:48,0.9104875203213874,33431.85827983515,43892695.02427079,0.7023842230821975,960.4303739249808,1601.2968965349664,Aura,1.7625725665980863
2024-05-26 14:03:32,0.9030626551350188,34019.28402835006,43172740.2480343,-0.8154823674845879,587.4257485149137,-38.837237506943154,Aura,-1.6402610407913798
2024-05-26 15:03:19,0.9079388314829956,33293.61451932856,43425295.72334727,0.5399599153225632,-725.6695090214998,-223.53382718685447,Aura,0.5849882909030102
2024-05-26 16:08:20,0.910474774611358,33382.85407067399,43507106.62733675,0.279307706689913,89.23955134542484,-112.29754733194679,Aura,0.18839458114614516
2024-05-26 17:07:09,0.9179909628418188,52752.8067162682,43549150.16904601,0.825524049655213,19369.95264559421,21605.5692835319,Aura,0.09663603252081376
2024-05-26 18:00:33,0.910373016212097,53016.39643525728,43850868.631523326,-0.8298498501705276,263.58971898908203,-98.63918242955005,Aura,0.6928228479915921
2024-05-26 19:02:21,0.9081471954583852,52037.82818251271,43438498.33517895,-0.24449546659159882,-978.5682527445679,-471.2467453197977,Aura,-0.9403925377385436
2024-05-26 20:02:22,0.9128827579683644,25487.125350171627,43615784.62486893,0.5214531888290352,-26550.702832341085,2613.219313816378,Aura,0.4081317183711297
2024-05-26 21:02:24,0.9140925428593272,34140.69949551416,43683895.03330915,0.13252357768869238,8653.574145342536,-132.59263681261848,Aura,0.15615999809706071
2024-05-26 22:02:47,0.9147221207631876,37195.91537778813,43732944.508642815,0.06887463515357073,3055.2158822739657,-64.69417340211592,Aura,0.11228274240717706
2024-05-26 23:02:17,0.9063863743932686,42607.15492180197,43315622.19593615,-0.9112872839419417,5411.2395440138425,77.11480145836087,Aura,-0.9542515771472693
2024-05-27 00:01:51,0.9041269197362533,43982.74513442056,43229035.98719552,-0.24928162214793437,1375.5902126185902,-74.57901832972208,Aura,-0.19989602907920512
2024-05-27 01:02:39,0.9183447376251556,44438.3018541518,43887236.37786489,1.5725466832742674,455.5567197312412,-66.88281760423129,Aura,1.5225886389516718
2024-05-27 02:06:33,0.911062595906636,45949.625620587554,43923367.4705432,-0.7929638424619578,1511.3237664357512,231.75314971259056,Aura,0.08232710842674962
2024-05-27 03:06:21,0.9542659914617798,135353.13471277562,45676859.14128061,4.742088606123751,89403.50909218806,5815.576203968122,Aura,3.992161283884643
2024-05-27 04:06:32,0.9594535521974636,140559.38640332606,45852257.60945078,0.5436178992124896,5206.251690550445,-94.17668082224598,Aura,0.38399853113293414
2024-05-27 05:06:34,0.9556508584055948,140457.4938558602,45678560.56802812,-0.396339539643098,-101.89254746586084,-101.95711912374117,Aura,-0.37881895129817655
2024-05-27 06:04:51,0.9532315746893064,145422.2623207229,46347597.40492087,-0.2531556054189865,4964.768464862689,-4972.553084931102,Aura,1.4646626964007758
2024-05-27 07:04:48,0.9481633535943652,145053.98610598856,45313768.06478233,-0.531688335711411,-368.276214734331,-107.41779233695878,Aura,-2.230599638437303
2024-05-27 08:04:40,0.9491730027359524,144184.58843348018,45427154.03285504,0.10648472520686791,-869.3976725083776,136.07217564554043,Aura,0.25022409946269253
2024-05-27 09:04:46,0.9529835887750742,148140.3511833229,45656644.8513345,0.40146380355718936,3955.7627498427173,-555.0003841659237,Aura,0.5051842303690712
2024-05-27 10:04:22,0.9513601918600896,148679.30121219688,45484119.43089453,-0.17034888471387788,538.95002887398,-86.3755724759932,Aura,-0.37787581851828067
2024-05-27 11:08:26,0.9492080820839148,166149.7041903325,45412546.93657565,-0.22621398231588152,17470.402978135622,3141.5626759750367,Aura,-0.15735710664382951
2024-05-27 12:06:01,0.9364330171976776,166709.80159170448,44727403.22662326,-1.3458655828330612,560.0974013719824,-96.79402128231987,Aura,-1.5087101608929343
2024-05-27 13:06:35,0.9451988489146054,166388.94387941132,45195664.76434118,0.9360874249350948,-320.85771229316015,-157.2860562300781,Aura,1.0469231476402774
2024-05-27 14:06:04,0.9505748973338838,170684.34055382293,45511792.35359673,0.5687743299150005,4295.396674411604,-1438.7232127638563,Aura,0.6994644085973611
2024-05-27 15:00:27,0.9420052400901768,171244.38845242042,45392771.45579135,-0.9015236219410583,560.0478985974914,-86.96167220285403,Aura,-0.2615166128388635
2024-05-27 16:04:08,0.9508403871962195,184815.861458142,45459816.80975817,0.9379084881945055,13571.473005721578,2323.2700523844746,Aura,0.1477005078487359
2024-05-27 17:03:55,0.9532417421426316,169554.74389486804,45644039.439980686,0.25255079388171175,-15261.117563273961,-212.4499717668086,Aura,0.40524279055820234
2024-05-27 18:01:19,0.95127017831393,165100.5780288642,45480092.41549353,-0.20682726548146846,-4454.165866003837,-70.81363243853887,Aura,-0.3591860547371928
2024-05-27 19:01:57,0.9472423692873018,164086.5496098192,45300160.64962453,-0.42341378069554736,-1014.0284190450038,-77.23415675234465,Aura,-0.3956275291290057
2024-05-27 20:01:10,0.9404982055818586,162870.73477159374,44997199.60251787,-0.7119786787533,-1215.8148382254585,19.8994836230028,Aura,-0.6687858117102818
2024-05-27 21:02:37,0.939672664264828,162782.9644219311,44866740.56760334,-0.08777702202205084,-87.77034966263454,-92.78094435903253,Aura,-0.289927008940416
2024-05-27 22:02:16,0.9408660944414,159527.5949915336,44845633.85273113,0.1270048839300486,-3255.3694303974917,3608.9625857823853,Aura,-0.047043120594880694
2024-05-27 23:01:58,0.9278624203812812,158265.76932304478,44270488.53017628,-1.382096149169798,-1261.825668488833,-61.23863372598053,Aura,-1.2825001525088808
2024-05-28 00:04:35,0.927876763643335,155924.0459242531,44446155.57278059,0.0015458393118228386,-2341.7233987916843,85.58216537123873,Aura,0.39680393968222205
2024-05-28 01:06:49,0.9318291694160664,156518.5409274856,44365200.54195725,0.4259623613390273,594.4950032324996,-125.38707191204801,Aura,-0.1821418068223446
2024-05-28 02:07:08,0.9217051433913184,153062.93104571864,44086106.73493386,-1.0864680305181174,-3455.6098817669554,-681.2681120913492,Aura,-0.6290827126081533
2024-05-28 03:05:05,0.9241261002556922,68888.68352487504,44222209.92971512,0.2626606655862007,-84174.2475208436,2335.872404607282,Aura,0.3087212840080733
2024-05-28 04:04:29,0.9073696502362608,86366.77736673916,43382888.72806533,-1.8132211626524897,17478.093841864116,-120.76418186873141,Aura,-1.8979630438726858
2024-05-28 05:04:33,0.9033889168715922,89439.67046576503,43265411.48990737,-0.4387113194310732,3072.893099025867,-82.41860281316507,Aura,-0.27079164528285293
2024-05-28 06:04:45,0.9064216980090422,86344.71184506602,43433264.45462224,0.33571157237044513,-3094.958620699006,-200.71806994132447,Aura,0.3879610962535862
2024-05-28 07:07:59,0.908925268496216,84511.67585554291,43472266.37299623,0.27620372423486916,-1833.0359895231086,-40.773489594858894,Aura,0.0897973451080114
2024-05-28 08:02:52,0.9076457566895516,86530.2088385638,43452723.50853889,-0.1407719480371883,2018.5329830208939,-210.11965910969624,Aura,-0.044954786322082274
2024-05-28 09:03:10,0.9134369925339408,85386.53066700303,43417791.827720895,0.6380502306881919,-1143.6781715607794,-156.65887955168188,Aura,-0.08039008374498557
2024-05-28 10:03:08,0.90740840248156,84500.93840910323,43302818.47580333,-0.6599896984308851,-885.5922578997997,-22.566305808632293,Aura,-0.264806999798084
2024-05-28 11:03:03,0.9130415722448822,67268.531643425,43631692.89546722,0.620797619673441,-17232.406765678228,1845.8624002139807,Aura,0.7594757829623822
2024-05-28 12:03:14,0.9119362362581588,66185.97692625469,43501112.91566032,-0.12106086078925715,-1082.5547171703074,-93.7179133948577,Aura,-0.29927782110069634
2024-05-28 13:01:04,0.9102152467058756,65508.28406288487,43565700.57991881,-0.18871818926120554,-677.692863369819,-37.39874274981295,Aura,0.14847359051182174
2024-05-28 14:00:55,0.9135980239761228,66400.86218794785,43755473.65502094,0.37164585876687806,892.5781250629734,-231.70835540817714,Aura,0.4356020276868877
2024-05-28 15:01:40,0.8984422603853974,70440.45783672461,43377895.60214856,-1.6589094101544855,4039.595648776769,352.576142675664,Aura,-0.8629275867273023
2024-05-28 16:01:21,0.9392900570381356,107993.11845820848,44893593.51918759,4.546513276792652,37552.66062148387,829.6143447638182,Aura,3.494171157911019
2024-05-28 17:01:44,0.9313651135595912,110837.64924337642,44698146.73686326,-0.8437163173571904,2844.530785167939,-92.4252217070857,Aura,-0.4353556198186559
2024-05-28 18:04:53,0.9360742890556089,110173.4455323006,44777930.75018951,0.505620774007709,-664.2037110758247,-123.35020294169925,Aura,0.17849512597454265
2024-05-28 19:04:47,0.916344261968199,109577.05084088264,43836178.73519936,-2.1077415882574058,-596.3946914179542,-10.209069676536252,Aura,-2.103161086750671
2024-05-28 20:04:39,0.9233045354184533,110467.2546921498,44169145.07075087,0.7595697096748788,890.203851267157,-249.26421446687579,Aura,0.7595697096748566
2024-05-28 21:04:22,0.924865425186853,110631.44375149273,44257304.36120001,0.16905470606101147,164.18905934292707,-81.5560156126922,Aura,0.19959474041875147
2024-05-28 22:06:05,0.9241698171964272,127305.46379118152,44234738.670115896,-0.07521180611603784,16674.020039688796,10055.378261144218,Aura,-0.05098749553282822
2024-05-28 23:06:25,0.9314459457518438,124578.76595146972,44256432.93358904,0.7873151037857573,-2726.6978397118073,-116.35297206805264,Aura,0.04904349867405067
2024-05-29 00:07:00,0.9276591850233186,124099.0348164204,44422256.54057744,-0.406546482465886,-479.731135049311,-82.40614973678142,Aura,0.37468814361345526
2024-05-29 01:06:45,0.9277355878647064,123873.07506852904,44420459.70462625,0.00823608957054578,-225.9597478913638,-52.89866940403238,Aura,-0.004044900216970682
2024-05-29 02:06:03,0.9285814884090016,123920.7302721146,44423567.75125188,0.0911790552566849,47.65520358555659,-121.09012956080483,Aura,0.0069968808209086575
2024-05-29 03:06:03,0.9164739155229108,121295.00081198226,43969398.49599402,-1.303878338866682,-2625.7294601323374,-5609.848374518638,Aura,-1.0223610534862093
2024-05-29 04:06:23,0.9174096783363216,98841.07107381074,43918085.33763794,0.1021046859666308,-22453.929738171515,755.1501622349102,Aura,-0.11670197935673698
2024-05-29 05:04:31,0.9226073692650928,96865.95979053616,44138663.74888416,0.5665615974530525,-1975.1112832745857,-91.20371664868573,Aura,0.502249607537375
2024-05-29 06:04:38,0.921958107151738,97951.55979100782,44132443.56092938,-0.07037252627539736,1085.6000004716625,-154.96399163250283,Aura,-0.01409237939363761
2024-05-29 07:05:02,0.9354381379286844,105657.97764272,44752503.39784892,1.4621088173508268,7706.417851712176,609.876367756444,Aura,1.4049977451701334
2024-05-29 08:04:58,0.9126016141815162,102786.04127485656,43710519.63415281,-2.441264988162062,-2871.93636786344,-137.2668134939681,Aura,-2.328325087052441
2024-05-29 09:04:59,0.9052620932319406,101767.40902376188,43195494.50407983,-0.804241504236014,-1018.6322510946775,-64.53151739387309,Aura,-1.1782635722101142
2024-05-29 10:05:33,0.9075593818067624,100575.73373821282,43418749.64387354,0.25377054799899934,-1191.6752855490631,16.987782810570184,Aura,0.5168482091867821
2024-05-29 11:06:27,0.9109172458065232,100952.41176443904,43579393.960120425,0.36998835195509727,376.6780262262182,-131.60911624114652,Aura,0.36998835195509727
2024-05-29 12:04:44,0.9087082365326928,100988.76374133922,43527585.8114069,-0.2425038370938437,36.351976900186855,-90.34932372764551,Aura,-0.11888221474793959
2024-05-29 13:04:38,0.9079955293306494,101107.98884787792,43439615.474283166,-0.07843080687404136,119.2251065386954,227.97420307032206,Aura,-0.2021024954264372
2024-05-29 14:00:58,0.9034417746062816,99408.21146381956,43179604.29947712,-0.501517306778454,-1699.777384058354,-1525.687452421507,Aura,-0.5985577265525621
2024-05-29 15:07:50,0.9030080515094808,96387.3076933147,43288951.77412084,-0.04800786381500277,-3020.9037705048686,77.72349478448876,Aura,0.25323871401257136
2024-05-29 16:07:39,0.90674661453812,47595.948181416425,43410878.8032835,0.41401214777538886,-48791.35951189827,1515.1245858369073,Aura,0.28165853910917527
2024-05-29 17:07:46,0.9094447427112246,44335.80701329447,43634361.09557624,0.2975614278393435,-3260.1411681219543,-93.31819977812478,Aura,0.5148071139159605
2024-05-29 18:07:39,0.912255156307039,44897.6865761479,43714659.37648127,0.30902521767690594,561.8795628534281,-117.23482309132969,Aura,0.18402533895052198
2024-05-29 19:07:28,0.9017291623215136,44841.88426629576,43068898.95560088,-1.1538431887999856,-55.802309852137114,-109.93136492965729,Aura,-1.477217093970573
2024-05-29 20:00:44,0.8999327009137752,46383.43305311347,42985818.59059397,-0.19922405560371947,1541.5487868177079,-2862.5178794613457,Aura,-0.19290106555209796
2024-05-29 21:07:19,0.9002256511218488,46066.56492893361,43132726.8230409,0.032552457286660896,-316.8681241798622,-120.55517975749493,Aura,0.34175976464729807
2024-05-29 22:07:09,0.910254685396949,30586.258796586066,43496583.85628303,1.1140578212365027,-15480.306132347541,4785.409718132624,Aura,0.8435753082222552
2024-05-29 23:07:30,0.9087370257569864,31141.92768429936,43466342.94248678,-0.16672912145470065,555.6688877132947,-103.58952131154675,Aura,-0.06952480198484379
2024-05-30 00:07:43,0.9067487829739392,31131.24313502909,43375022.90442635,-0.21879187561341107,-10.684549270270509,-101.92282661608785,Aura,-0.21009367680473456
2024-05-30 01:02:02,0.906373208577838,30711.147571744503,43494456.92227659,-0.04141989525141554,-420.0955632845871,3831.8042591978356,Aura,0.27535205713526967
2024-05-30 02:01:48,0.884206355241978,70457.66542956457,42301512.32125943,-2.445665110803674,39746.51785782007,-9561.303886919277,Aura,-2.742750882368561
2024-05-30 03:05:01,0.8918926573929207,71704.45805734329,42441521.89875326,0.8692882725140683,1246.7926277787192,-96.8631399806174,Aura,0.33098007567797794
2024-05-30 04:05:21,0.8845423771221785,71695.85696407077,42479181.44211051,-0.8241216260516881,-8.601093272518483,-100.68985756579603,Aura,0.08873278259691197
2024-05-30 05:04:49,0.8863405771071406,73492.02899510493,42566630.75039772,0.20329155860372428,1796.1720310341625,-20983.066537287137,Aura,0.20586392043919766
2024-05-30 06:02:29,0.8836003112437004,72549.72573223726,42319476.2018016,-0.30916624311435603,-942.3032628676738,-152.46174901883614,Aura,-0.5806298131637133
2024-05-30 07:08:14,0.8792021665139482,65755.74830362092,41792938.88087419,-0.4977527365921386,-6793.977428616345,620.9969121767132,Aura,-1.2441962145670282
2024-05-30 08:00:38,0.8781214995660709,65472.922906965854,41990424.20130531,-0.12291450010436522,-282.8253966550619,-95.83711603951176,Aura,0.472532742897136
2024-05-30 09:00:45,0.8754550699663437,70375.71975069007,41584724.36246684,-0.303651556310236,4902.796843724216,-1833.506573917667,Aura,-0.9661722798834038
2024-05-30 10:00:30,0.8674379903874645,70245.16931664318,41720753.91406516,-0.9157613970054879,-130.5504340468906,-102.66277470203565,Aura,0.32711423168911846
2024-05-30 11:04:05,0.8660031504681428,70071.96718149306,41413508.51633486,-0.16541123806219638,-173.2021351501171,32.670669702949475,Aura,-0.7364329953460369
2024-05-30 12:08:09,0.867194049235605,70674.47312858539,41529880.564625256,0.13751667841144233,602.5059470923297,-447.8628866613729,Aura,0.28100021577377454
2024-05-30 13:03:13,0.8627807313807248,71181.3170788102,41280257.44352716,-0.508919296525423,506.8439502248075,-15.877353133057582,Aura,-0.6010687189664576
2024-05-30 14:03:21,0.8678651985133855,71909.48471738437,41228918.87046552,0.5893116231888929,728.1676385741739,43.667027741220885,Aura,-0.12436592269774449
2024-05-30 15:03:35,0.8634056948634627,65581.06078470753,41306383.315371096,-0.5138475027644529,-6328.423932676844,-969.0888742417254,Aura,0.18788861563157067
2024-05-30 16:03:12,0.8653563480288214,65689.22014535445,41355365.36369489,0.225925445820363,108.15936064692505,-101.70910422243433,Aura,0.11858227322838477
2024-05-30 17:03:47,0.8748421460968613,65705.38209749982,41837061.33072909,1.0961724715658816,16.16195214536856,-85.05727840040811,Aura,1.1647726064030195
2024-05-30 18:03:33,0.8825317651941104,65765.44187654823,42152359.310311474,0.8789721816166107,60.05977904840256,271.6121574188274,Aura,0.7536331892192383
2024-05-30 19:04:06,0.8731277541708597,66333.84974036858,42416008.32238673,-1.0655719594616753,568.40786382035,846.4035213354123,Aura,0.6254667980369888
2024-05-30 20:03:04,0.8628791945152566,67359.26897496814,41220641.35463648,-1.1737754992492855,1025.4192345995689,80.40201409381997,Aura,-2.818197692401292
2024-05-30 21:00:29,0.856829765498416,66942.37502436595,41013306.61564884,-0.7010748497927377,-416.89395060219977,-140.65595188147594,Aura,-0.5029876590319393
2024-05-30 22:05:07,0.8639407537860355,66849.78629586574,41297395.36550109,0.8299184475089927,-92.58872850020998,-77.79081985563323,Aura,0.6926745812390944
2024-05-30 23:05:38,0.8628764077161395,66235.35926076956,41292402.93057426,-0.12319665037582306,-614.4270350961742,563.6088917613561,Aura,-0.012088982568136952
2024-05-31 00:01:07,0.8647139063607775,66204.2515732584,41365304.32379767,0.2129503864292115,-31.107687511161203,-94.93712259808163,Aura,0.17654916655245323
2024-05-31 01:07:26,0.8600812796377847,66358.99039997965,41055379.83090735,-0.5357409761674314,154.73882672125183,-597.4295394530137,Aura,-0.7492377922915905
2024-05-31 02:03:03,0.8615714274591617,30124.75082708489,41707284.41593983,0.17325662779272832,-36234.23957289476,-23516.385105573732,Aura,1.587866408050398
2024-05-31 03:03:07,0.8694989095792188,19840.914084182663,41597890.15180872,0.9201189672034316,-10283.836742902226,-71.61845573655943,Aura,-0.2622905462751901
2024-05-31 04:03:03,0.8723126198627952,19513.5723191986,41754705.143419735,0.32360135850406646,-327.34176498406305,-96.81692958408748,Aura,0.3769782338448824
2024-05-31 05:03:01,0.8720104893806294,15782.845234028098,41709828.05981469,-0.03463557390850358,-3730.7270851705016,1039.7039682217562,Aura,-0.10747790806066027
2024-05-31 06:02:57,0.8502817454769392,27545.12724168408,40638359.09638956,-2.491798455213956,11762.282007655982,-415.2812237167014,Aura,-2.568864493731715
2024-05-31 07:04:23,0.8480706066789659,26702.80455463404,40572733.96085298,-0.2600477794255207,-842.3226870500403,-107.16121826106344,Aura,-0.1614856923256358
2024-05-31 08:04:47,0.8529757273819643,23897.08262076377,40814248.07350611,0.5783858872560943,-2805.7219338702707,233.09347795159053,Aura,0.5952621109688083
2024-05-31 09:04:28,0.8527149738445421,18973.79454684361,40794926.16034844,-0.030569866064356077,-4923.288073920161,75.47312919669398,Aura,-0.04734109794911623
2024-05-31 10:04:45,0.8425305278816277,29414.422543882847,40405991.59315205,-1.194355238890299,10440.627997039239,-312.0661606690405,Aura,-0.9533895604263098
2024-05-31 11:04:57,0.8539539400395227,36050.78081341851,41232063.35469449,1.3558454892568461,6636.358269535664,-36.43717340166121,Aura,2.0444288804001065
2024-05-31 12:01:12,0.8705609154661015,27706.83852854261,41620716.66613645,1.9447155927180493,-8343.942284875902,-225.73073884782468,Aura,0.9425997144470122
2024-05-31 13:00:49,0.8640029704172127,35570.88296068133,41959714.42941319,-0.7533011110862464,7864.044432138722,-194.2485477924861,Aura,0.814492854594584
2024-05-31 14:03:48,0.8631782764125967,58238.55752667009,41418643.42155183,-0.09545036682198083,22667.67456598876,188.24448744656968,Aura,-1.289501168487639
2024-05-31 15:03:39,0.8535972711725607,63700.27430861034,40806472.7373933,-1.1099682999269889,5461.716781940246,-75.90526206805896,Aura,-1.4780075675776438
2024-05-31 16:08:25,0.8440396909038276,66157.63375220289,40333748.19410116,-1.1196826174952657,2457.359443592555,-55.00756370747604,Aura,-1.1584548028307107
2024-05-31 17:03:44,0.8455816297556799,66767.11978687407,40386691.37377828,0.18268558557963388,609.4860346711794,-75.19752202876204,Aura,0.13126273170134262
2024-05-31 18:03:35,0.8492683821169302,67006.68478406484,40672535.563512646,0.43600194605879494,239.56499719076965,-60.693931679662505,Aura,0.707768277150711
2024-05-31 19:09:27,0.846303281249632,69182.92525649311,40477473.5557676,-0.3491359068269251,2176.240472428268,808.4133733841304,Aura,-0.4795914615169261
2024-05-31 20:03:03,0.8482285614035031,69189.49560255061,40481167.21330635,0.22749293267874116,6.57034605750232,-99.69808731430442,Aura,0.009125217594574409
2024-05-31 21:02:59,0.848811792707871,66357.88895363451,40535738.60387129,0.0687587439171855,-2831.606648916102,-43196.76574315054,Aura,0.13480686037876666
2024-05-31 22:04:54,0.8472159602836554,66573.93348778663,40478515.05593273,-0.1880078054906087,216.0445341521263,-107.62975091313707,Aura,-0.14116813929991867
2024-05-31 23:04:49,0.8456647698953345,67539.18676753435,40457635.78977292,-0.18309267778685578,965.2532797477179,346.78440189930535,Aura,-0.051581106992093506
2024-06-01 00:04:46,0.8426673201354468,67497.58255899818,40406250.648628816,-0.35444893373749453,-41.60420853616961,-104.31018566930365,Aura,-0.12700974770526452
2024-06-01 01:06:21,0.8400099219568163,67572.98473761133,40187100.95553661,-0.3153555519636475,75.40217861314886,-281.2369019052392,Aura,-0.5423658210654603
2024-06-01 02:08:35,0.850592970636611,66822.49889058601,40548562.33955757,1.259871866172868,-750.4858470253239,-1095.3105610856342,Aura,0.8994462785979263
2024-06-01 03:08:26,0.8506551235942074,66465.49669621882,40740014.14600415,0.0073070151931586835,-357.0021943671891,-52.43052273640776,Aura,0.4721543635587855
2024-06-01 04:08:36,0.8495969804837311,67078.0779752935,40675307.36305629,-0.12439155200821839,612.5812790746859,-271.59033998671305,Aura,-0.15882857260668404
2024-06-01 05:08:04,0.8453399333418978,67793.8869090712,40488882.07657544,-0.5010666515563034,715.808933777691,16.851258474456188,Aura,-0.45832545238531086
2024-06-01 06:05:11,0.8519081849938732,67616.35202457414,40675016.41851139,0.7769953119343365,-177.53488449705765,-124.80199339789111,Aura,0.45971716774970695
2024-06-01 07:05:31,0.848893588358213,70753.64979800959,40612106.40987289,-0.35386403004002975,3137.29777343545,-1867.1444022526434,Aura,-0.15466498646542481
2024-06-01 08:05:00,0.8387373345103121,62583.64132516628,40120306.641430914,-1.1964107147449998,-8170.008472843307,-360.41546142101976,Aura,-1.2109683833646634
2024-06-01 09:04:56,0.8420009920757485,63603.591878733205,40124827.15769196,0.3891155706502447,1019.9505535669232,-112.48408195606146,Aura,0.01126740207011423
2024-06-01 10:05:11,0.8410219435009434,64494.08875675066,40201592.37040036,-0.116276415826011,890.4968780174531,-12.692152094702113,Aura,0.19131599597104199
2024-06-01 11:05:38,0.8388184847476094,57707.12305798733,40060146.69626563,-0.26199777192037477,-6786.965698763328,-862.1549121961446,Aura,-0.35184097393832214
2024-06-01 12:01:09,0.8389927943604965,57935.55302967735,40113598.9511276,0.02078037335329075,228.42997169002047,-103.36571572376802,Aura,0.13343000280863215
2024-06-01 13:02:28,0.848919446798016,60440.9090796467,40613343.50922583,1.1831630145388683,2505.3560499693485,996.7720354004673,Aura,1.2458232897703647
2024-06-01 14:06:43,0.8394082112993918,37258.314604292646,40130198.23130745,-1.1203931697523317,-23182.594475354053,-1025.3213520544386,Aura,-1.1896220211680686
2024-06-01 15:06:46,0.8366816438962609,31468.268277404783,40149339.85528807,-0.3248201967086084,-5790.046326887863,-75.02416594034203,Aura,0.047698802458673306
2024-06-01 16:07:57,0.8354290247910906,33129.19665898583,40166827.51557113,-0.1497127508782281,1660.928381581045,-128.68592560076786,Aura,0.043556532550947935
2024-06-01 17:07:43,0.8437037811203553,22540.923466885564,39914302.74633434,0.990479871265415,-10588.273192100263,-737.4912554640821,Aura,-0.6286898539320851
2024-06-01 18:08:05,0.8424029984803254,22506.16905720647,39928329.0055188,-0.15417527681368393,-34.75440967909526,-99.67176508342244,Aura,0.035140935001676255
2024-06-01 19:06:38,0.8337167867473648,29221.590219216723,39838217.88475743,-1.0311230786963388,6715.421162010254,-19422.501012150904,Aura,-0.22568217354880238
2024-06-01 20:06:25,0.8307465313661403,29143.65692221333,39922138.15706765,-0.35626671172264146,-77.93329700339382,-101.16051242540482,Aura,0.21065267666586784
2024-06-01 21:06:09,0.8341914085537154,29348.14724976922,39908736.16551503,0.41467247319229017,204.49032755588996,-362.3914750417718,Aura,-0.033570325065990225
2024-06-01 22:00:23,0.8348291324443229,29391.207315013457,39882606.89357752,0.07644814895817476,43.060065244237194,-78.94273741017491,Aura,-0.0654725617697749
2024-06-01 23:06:37,0.854118054968493,21784.362204247194,40350502.995937504,2.3105234082684056,-7606.845110766262,-17765.660903252578,Aura,1.1731833468371589
2024-06-02 00:04:27,0.8438152793143605,21244.29999355768,40367787.9725938,-1.2062472622139553,-540.0622106895134,-92.90031277322655,Aura,0.04283707853167673
2024-06-02 01:04:37,0.8360732030975326,29813.406599719176,39998763.51558941,-0.9175084176146542,8569.106606161495,-1686.688799281302,Aura,-0.9141557552148405
2024-06-02 02:04:16,0.8371595420407775,35148.532004740046,40050735.2978779,0.12993347223904106,5335.12540502087,-37.74000429420818,Aura,0.12993347223904106
2024-06-02 03:04:25,0.8328312307648688,31977.341197330614,39783190.83174785,-0.5170234654863326,-3171.1908074094317,-159.43985504867484,Aura,-0.6680138682602976
2024-06-02 04:04:06,0.8343043089531199,34892.551540662214,39914137.45855954,0.17687595443536264,2915.2103433316006,-191.9279387579033,Aura,0.3291506389356602
2024-06-02 05:03:48,0.8419080288446852,22834.145308049523,39898309.077415206,0.9113844684688788,-12058.406232612691,-513.63760457957,Aura,-0.039656077150029834
2024-06-02 06:03:48,0.8335066626682426,32824.748723290555,39736842.8966556,-0.9978959563993528,9990.603415241032,-182.85177346423143,Aura,-0.4046942953053856
2024-06-02 07:03:48,0.8293257460815425,26326.397143128168,39675956.9281826,-0.5016056588337259,-6498.351580162387,-165.04463554472508,Aura,-0.15322296396657054
2024-06-02 08:04:15,0.8256254295114065,35680.96965316082,39429808.862670936,-0.44618373270328693,9354.572510032653,-243.95300707627908,Aura,-0.6203960397406894
2024-06-02 09:04:14,0.8241203945502006,35237.52799909743,39541766.265227005,-0.18229028654029866,-443.44165406339016,-104.74037326225015,Aura,0.2839410227576833
2024-06-02 10:05:48,0.8310572473804522,34258.239761138706,39758794.06579858,0.8417280868334487,-979.2882379587245,120.83812582449345,Aura,0.5488571226582417
2024-06-02 11:08:40,0.8289452541700557,34172.92301371451,39655180.123921,-0.25413330032961756,-85.31674742419273,-91.2878819414771,Aura,-0.2606063496445765
2024-06-02 12:08:18,0.8345988171789785,34121.17195439772,39707810.58285415,0.6820188643920977,-51.751059316789906,-39.342437587915846,Aura,0.13272026193975606
2024-06-02 13:01:35,0.8328991979092917,31653.10368357047,39868203.38261547,-0.20364506092062085,-2468.0682708272543,4669.116426620709,Aura,0.40393262032576427
2024-06-02 14:03:12,0.8322404863184304,32063.8141627812,39712671.82647725,-0.07908659205276836,410.71047921073114,-116.64096913628195,Aura,-0.39011428392089487
2024-06-02 15:01:31,0.8325027330885031,32215.994565853827,39740670.53510386,0.03151093636801772,152.1804030726271,-62.94703671426291,Aura,0.07050321053427844
2024-06-02 16:01:31,0.829936428497686,26242.610706486583,39765670.28889393,-0.30826380368702555,-5973.383859367244,-4025.199131268227,Aura,0.06290722691251194
2024-06-02 17:01:25,0.830502665198908,27502.64199586107,39732262.17666811,0.06822651492077725,1260.0312893744886,-121.09409539115008,Aura,-0.08401244586879741
2024-06-02 18:01:18,0.8280182004714046,27459.098975262223,39717569.86406899,-0.2991519270932552,-43.54302059884867,-103.45570947055327,Aura,-0.03697829369438965
2024-06-02 19:01:40,0.8279534776537633,27190.05143361369,39766839.20204308,-0.007816593597154142,-269.0475416485315,517.8890163068876,Aura,0.12404922592874623
2024-06-02 20:03:59,0.8267298404052258,27540.482905288376,39551765.62905821,-0.14779058021532343,350.4314716746849,-230.2489030479486,Aura,-0.5408364790878806
2024-06-02 21:04:18,0.8278945104533012,27519.79626988698,39693112.42081978,0.14087674003693262,-20.686635401394597,-105.90318994539354,Aura,0.35737163566149643
2024-06-02 22:03:46,0.8283925091501635,27575.76976260573,39743997.48889771,0.06015243374299928,55.973492718749185,-370.5780405206722,Aura,0.12819621585340446
2024-06-02 23:04:01,0.8280105210772006,25615.11469454853,39613034.95708777,-0.04611196609620727,-1960.6550680572,-3602.8278079928505,Aura,-0.32951524779691876
2024-06-03 00:04:32,0.8280056227522211,25702.87058826128,39703383.195561424,-0.0005915776255083216,87.75589371275055,-104.4758456060151,Aura,0.22807704224512282
2024-06-03 01:07:59,0.8256094334602125,25542.273816914003,39525630.54191999,-0.289392876831418,-160.59677134727826,-283.00397221519523,Aura,-0.44770152902562366
2024-06-03 02:07:46,0.8256437872457802,20244.52160749283,39538967.54891643,0.004161021443715995,-5297.7522094211745,3198.7912303449675,Aura,0.03374267991067548
2024-06-03 03:07:41,0.8278410324302611,20298.92804341025,39767619.35943498,0.26612507941354835,54.40643591742264,-101.02697207734008,Aura,0.5782948435253621
2024-06-03 04:07:49,0.8309205174488032,10680.023350847014,39838621.45994542,0.37198989877342825,-9618.904692563237,-17779.71845676986,Aura,0.17854249677029532
2024-06-03 05:07:48,0.8370314962184966,10676.48653077452,39898556.97986263,0.735446849772825,-3.536820072493356,-99.963230532108,Aura,0.15044576775196106
2024-06-03 06:07:48,0.8309320114694599,20849.650829072245,39972226.30496668,-0.7287043291193451,10173.164298297725,-287735.90145330573,Aura,0.18464157774236156
2024-06-03 07:08:09,0.8324508627022973,20862.377551836777,40090024.87855851,0.18278886983200682,12.726722764531587,-99.87489907376546,Aura,0.2947010574119391
2024-06-03 08:07:47,0.8252314588493606,11364.228447878788,39488998.27623117,-0.8672468461983662,-9498.149103957989,-74731.53931842226,Aura,-1.4991923904960958
2024-06-03 09:03:02,0.8275337333429883,11445.262426682595,39798246.06612299,0.278985303933732,81.03397880380726,-100.85315547183862,Aura,0.7831239165110748
2024-06-03 10:03:15,0.8280309555269803,11960.545499171449,39883854.528387904,0.0600848236099516,515.2830724888536,535.8851929712278,Aura,0.21510611830151127
2024-06-03 11:03:09,0.8291843413131644,12349.233391364509,39951021.166417554,0.13929259268454786,388.6878921930602,-24.568084428686888,Aura,0.1684055837227083
2024-06-03 12:07:55,0.8266878340754628,12534.284800159689,39819120.41530112,-0.301079882158406,185.05140879517967,-52.39074524521974,Aura,-0.33015614436235907
2024-06-03 13:02:51,0.831555972666229,13059.906886496085,39782653.69279192,0.5888726542359946,525.622086336396,184.0411157951086,Aura,-0.09158093430711167
2024-06-03 14:05:35,0.8327332717980181,12882.449984479208,40087863.3380295,0.14157785771344855,-177.45690201687648,-133.76131000387696,Aura,0.7671927760135366
2024-06-03 15:04:00,0.827342207376536,22625.14525132436,39731664.115109205,-0.6473939019923991,9742.695266845152,-5590.175448863974,Aura,-0.8885462912222142
2024-06-03 16:03:38,0.8273628249115282,20384.15147873408,39688609.909398,0.0024920202074119047,-2240.993772590282,-123.00178452893307,Aura,-0.10836245264349564
2024-06-03 17:03:51,0.8272363660526946,23696.352375359817,39642532.59346182,-0.015284571052265328,3312.200896625738,-247.8005399719289,Aura,-0.11609707682219694
2024-06-03 18:02:01,0.8283838700307571,32222.626668283057,39554609.19193216,0.13871536904719317,8526.27429292324,157.42020363587463,Aura,-0.22179057637746746
2024-06-03 19:02:06,0.81765503140264,31534.111050879448,39315914.04780646,-1.2951530101278697,-688.5156174036092,-108.07522246821304,Aura,-0.6034572177605724
2024-06-03 20:07:25,0.8236321052385027,31302.49724385741,39202686.93018436,0.7310019025516645,-231.61380702203678,-66.36041345068513,Aura,-0.2879930948175846
2024-06-03 21:07:17,0.8198015988284061,31197.62916838828,39099978.36117881,-0.46507492674625617,-104.86807546913042,-54.72287390053876,Aura,-0.2619936974944115
2024-06-03 22:07:05,0.8171958413986901,31205.58958780177,39124949.42679129,-0.31785220148874416,7.960419413488125,-107.59088919852582,Aura,0.0638646532788778
2024-06-03 23:07:21,0.8184463899729232,27932.867498346543,39265453.42792823,0.15302923863302897,-3272.7220894552265,-41212.4328940499,Aura,0.35911612205363763
2024-06-04 00:03:27,0.8202043143912094,27538.17401328558,39089562.79138163,0.21478797387626258,-394.6934850609614,-87.93990218929156,Aura,-0.44795264333176155
2024-06-04 01:07:57,0.8184014692299135,30943.99173295601,39067070.457175374,-0.21980439869230262,3405.8177196704273,-962.9019349393088,Aura,-0.05754051107271785
2024-06-04 02:07:41,0.8249563220131101,51877.0454548259,39476045.19133681,0.8009336529374078,20933.053721869892,514.6263671414433,Aura,1.0468528337945093
2024-06-04 03:08:26,0.8270340674883224,52014.64383872954,39580489.46277168,0.25186127068426156,137.59838390364166,-99.34267409938434,Aura,0.26457632959084876
2024-06-04 04:07:41,0.8250379811453556,51377.422479729474,39455580.60776151,-0.2413547907438529,-637.2213590000683,-563.1023569624961,Aura,-0.31558188568550083
2024-06-04 05:07:28,0.8157563400851793,51571.09154952344,39005284.85330593,-1.1249956089647184,193.669069793963,-130.39274610911815,Aura,-1.1412726603419965
2024-06-04 06:04:47,0.8232308631874223,54262.07231493335,39545160.503657386,0.916269078762233,2690.980765409913,1289.473687395072,Aura,1.3841089800570971
2024-06-04 07:06:10,0.8132948071447965,55062.525395560224,38909017.22351543,-1.206958641486655,800.453080626874,-70.25422511688069,Aura,-1.6086501408512976
2024-06-04 08:05:54,0.8136276751429578,55229.96104825268,38924942.03523172,0.04092833192059775,167.435652692453,-79.08239011819082,Aura,0.040928331920619954
2024-06-04 09:08:51,0.8124510406027902,54810.97586646732,38820848.65530341,-0.14461584532026173,-418.98518178535596,-350.23653866297576,Aura,-0.2674207705539722
2024-06-04 10:10:58,0.811295080531883,54845.73976457137,38810380.91312701,-0.14228058223046958,34.763898104050895,-108.29716649068995,Aura,-0.02696422808615706
2024-06-04 11:10:44,0.8222912197655489,63501.25240731518,39344077.39325758,1.3553809825220142,8655.512642743808,24797.992212602927,Aura,1.3751384747425988
2024-06-04 13:19:24,0.820379847126751,62674.063103239096,39376640.4953039,-0.23244473403750687,-827.1893040760842,-109.55679158726137,Aura,0.0827649399955055
2024-06-04 14:01:54,0.8252842137996704,62964.06299037708,39482605.08604209,0.5978165712012817,289.99988713798666,-135.0584667510779,Aura,0.26910520909173563
2024-06-04 15:01:25,0.8234664868606699,52727.678146211845,39432170.10230255,-0.22025465998332105,-10236.384844165237,-3629.7892510194665,Aura,-0.1277397568616112
2024-06-04 16:01:48,0.8223456255118329,53004.96234199229,39321887.76405005,-0.13611499274368555,277.2841957804412,-102.70880979956996,Aura,-0.2796760562920664
2024-06-04 17:02:53,0.8262475166101931,52812.44761076221,39466339.51695848,0.4744831099370961,-192.514731230076,-169.42867071389554,Aura,0.3673571161568079
2024-06-04 18:03:08,0.8270872287944023,43535.98099458226,39568863.526238665,0.10162961671029702,-9276.466616179947,4718.574951074036,Aura,0.25977582551361955
2024-06-04 19:03:42,0.830555879804048,44371.48417658773,39734808.02839339,0.41938152215235114,835.5031820054646,-109.00669637023417,Aura,0.41938152215235114
2024-06-04 20:03:44,0.8319624667669756,44814.18160338389,39802100.86720919,0.1693548859420968,442.6974267961632,-47.01427399312193,Aura,0.1693548859420968
2024-06-04 21:03:16,0.8375307035462013,36968.543878020566,40068492.11776704,0.6692894212961376,-7845.637725363325,-1872.234770403532,Aura,0.6692894212961598
2024-06-04 22:06:47,0.8230558485224608,30261.93335628526,39622725.25889966,-1.728277538059475,-6706.610521735307,-14.517968372995082,Aura,-1.1125121892713419
2024-06-04 23:07:27,0.8281983896632263,45433.20711599155,39379960.72978887,0.6248107160646832,15171.273759706291,-326.213729133935,Aura,-0.6126901355839043
2024-06-05 00:07:09,0.827956260357699,45453.18426623741,39387551.03073572,-0.02923566485389939,19.977150245860685,-99.8683225247776,Aura,0.019274526449986062
2024-06-05 01:04:15,0.8215668606014397,56130.50596782188,39304762.36733148,-0.7717074031783899,10677.321701584471,53347.67181593801,Aura,-0.2101899235614768
2024-06-05 02:07:11,0.8267427092215358,41577.8968783807,39583659.6139812,0.6299972489526962,-14552.609089441183,-236.29456427524923,Aura,0.7095762188897625
2024-06-05 03:02:58,0.8257474983560145,39898.83596620024,39504769.18523936,-0.12037733800621675,-1679.0609121804591,-88.46213141670435,Aura,-0.19930049295890928
2024-06-05 04:03:33,0.8232377747073116,40376.876796749406,39323279.611803226,-0.30393354550870555,478.04083054916555,-128.47072593265082,Aura,-0.45941180566103634
2024-06-05 05:01:22,0.8225121384627927,40106.41091851312,39280733.27702986,-0.08814418711251548,-270.4658782362894,-156.57798684802356,Aura,-0.108196303038266
2024-06-05 06:01:33,0.8176862304240375,36947.11063180122,39016417.16409016,-0.5867278807306531,-3159.3002867118994,1068.0956974364851,Aura,-0.6728899663751009
2024-06-05 07:07:33,0.8252913521292746,37074.14855212465,39558462.31504173,0.9300782405609498,127.03792032343335,-104.0210777322358,Aura,1.3892745422315667
2024-06-05 08:07:39,0.8206022830390137,36395.61301535789,39445271.18783526,-0.5681713588980397,-678.535536766758,-634.12046973001,Aura,-0.2861363171930642
2024-06-05 09:03:39,0.8195389731927337,36563.48348733474,39207745.756110646,-0.12957675944333946,167.87047197685024,-124.74011498008757,Aura,-0.6021645296683031
2024-06-05 10:03:40,0.8182284417798609,36324.3434510354,39153503.97112867,-0.15991081031415666,-239.1400362993445,-242.4550925980136,Aura,-0.1383445641567338
2024-06-05 11:03:46,0.82018783214541,29537.664083925745,39131564.38989754,0.23946739877276357,-6786.679367109653,2737.951968282885,Aura,-0.05603478362322667
2024-06-05 12:03:41,0.831716214121682,29112.199430947505,39788447.4162139,1.4055782742004919,-425.46465297824034,-93.73088619686125,Aura,1.6786526083428122
2024-06-05 13:03:35,0.8322344431782553,29053.18116417891,39815112.55101426,0.06230839891954165,-59.01826676859491,-86.12851470610573,Aura,0.06701727896398779
2024-06-05 14:07:10,0.8306245572900356,28975.094675455992,40053909.08187626,-0.19344139159533924,-78.08648872291815,32.30901718799697,Aura,0.5997635459551676
2024-06-05 15:06:58,0.8326250708003123,28103.848468402502,40145590.66491779,0.24084449378711792,-871.2462070534893,1015.7451452901367,Aura,0.228895468989343
2024-06-05 16:03:38,0.8248303922686409,34967.49792261236,39769931.25541746,-0.9361570777804307,6863.649454209859,-887.7967672791797,Aura,-0.935742638925996
2024-06-05 17:03:21,0.8215725482913484,43249.17861960802,39757585.8420318,-0.3949713793076848,8281.68069699566,20.660018438384007,Aura,-0.031042078766418957
2024-06-05 18:03:19,0.8257079396777893,43513.16428157711,39487999.48794088,0.5033507259999626,263.98566196909087,-96.81241439234844,Aura,-0.6780752613150698
2024-06-05 19:03:16,0.8258343627856459,38877.1604417999,39818368.44991044,0.015310874678764463,-4636.003839777215,-1856.1574387021171,Aura,0.8366312962257094
2024-06-05 20:03:16,0.8321664691944457,42240.78559206369,39824526.06709567,0.7667525952105958,3363.6251502637897,-172.5544082039723,Aura,0.015464262914166582
2024-06-05 21:03:19,0.8307126929125389,42279.62330037035,40011799.90054179,-0.17469777210731285,38.83770830666617,-98.84536157949645,Aura,0.47024748801933747
2024-06-05 22:01:54,0.8253413491964797,41529.58499286071,39817599.763322,-0.6465946363750419,-750.0383075096397,-2031.2115472603768,Aura,-0.48535716389294103
2024-06-05 23:01:55,0.8262784447929611,42464.52003750523,39791907.91333983,0.11354036695165881,934.9350446445169,-224.65163916077725,Aura,-0.06452385411196415
2024-06-06 00:02:40,0.8391819225368231,43402.9933455451,40482791.04430071,1.5616379472533914,938.4733080398728,0.3784501838522081,Aura,1.7362402739409033
2024-06-06 01:04:11,0.8275359035809964,33588.96420375564,39787118.11595891,-1.3877823917632925,-9814.029141789462,-1145.744088586534,Aura,-1.718441121266867
2024-06-06 02:00:49,0.8157109516512929,68288.24826082822,39313365.53085825,-1.4289352133887268,34699.284057072575,-453.5681783266603,Aura,-1.190718522814127
2024-06-06 03:02:36,0.8160300014186863,68382.78757130443,39224014.949100405,0.03911309107074157,94.53931047621882,-99.72754679802406,Aura,-0.22727787497031082
2024-06-06 04:07:17,0.8287752331059217,78617.09103166687,39981960.61299639,1.561858223971857,10234.30346036244,10725.447540086365,Aura,1.932351047896419
2024-06-06 05:05:01,0.823105486172772,78694.07038747845,39693705.60653403,-0.6841115306862822,76.97935581157799,-99.24783004422608,Aura,-0.7209626592665552
2024-06-06 06:05:01,0.8161943614239783,102397.0154531077,39505888.83184184,-0.8396402241137579,23702.945065629247,30691.30088285856,Aura,-0.4731651324114905
2024-06-06 07:07:38,0.8149879623267497,116317.79218146254,39274910.07190615,-0.14780782056907915,13920.776728354846,-41.26984351602433,Aura,-0.5846691892412825
2024-06-06 08:03:54,0.8141048865202384,123045.98355047416,39223350.88581954,-0.10835446010640792,6728.19136901162,-51.66798878896497,Aura,-0.13127766808940233
2024-06-06 09:03:56,0.8045668030286927,123293.28209447076,38848700.79397163,-1.171603763774809,247.29854399659962,-96.32444247743018,Aura,-0.955171048334269
2024-06-06 10:07:09,0.8045009693812213,123301.50950737332,38921795.4523502,-0.008182496123820826,8.2274129025609,-96.67308477858485,Aura,0.18815213091993854
2024-06-06 11:02:27,0.8075723121091959,122597.78375766524,38800730.40409258,0.38176992258156517,-703.7257497080864,-8653.426916121369,Aura,-0.3110469258948534
2024-06-06 12:02:40,0.8066812746703252,121332.66009216294,38909775.52601161,-0.11033531307474975,-1265.123665502295,79.77509932343429,Aura,0.28103883814394326
2024-06-06 13:08:46,0.8045118059570359,121022.56402743747,38857222.33930028,-0.26893753225845085,-310.09606472546875,-75.48887328715406,Aura,-0.13506422486604386
2024-06-06 14:07:59,0.8018942283319359,120628.04318429342,38734353.75771853,-0.32536223902719374,-394.5208431440551,27.225362725363333,Aura,-0.31620526168562035
2024-06-06 15:05:50,0.8060757094079727,121262.56776718912,38794118.81760908,0.5214504517303764,634.5245828956977,-260.83423573745324,Aura,0.15429471281327434
2024-06-06 16:02:41,0.8054354698337008,115150.95819397594,38865890.50809252,-0.0794267296234552,-6111.60957321318,-1063.179321646203,Aura,0.1850066264447836
2024-06-06 17:02:51,0.8019109367026538,109715.63516191482,38808949.56527868,-0.43759348365608464,-5435.323032061118,-11.065604454122614,Aura,-0.14650620909352208
2024-06-06 18:04:21,0.8034398849563821,106571.37486399004,38625681.26692117,0.19066310032072042,-3144.260297924775,-42.15136286513507,Aura,-0.4722320506233779
2024-06-06 19:01:00,0.8019423409953247,90105.7186354396,38719093.82512929,-0.18639153832133992,-16465.656228550448,423.6734452111948,Aura,0.24184054531646293
2024-06-06 20:04:50,0.7921824837591932,91641.14015451662,38645753.05359016,-1.2170273019900812,1535.4215190770192,-109.32499438689052,Aura,-0.18941758262825958
2024-06-06 21:03:36,0.8029654454346472,97005.2582577782,38748148.63795516,1.361171434173225,5364.118103261586,249.35801254668445,Aura,0.26495947490789984
2024-06-06 22:03:33,0.801770172738358,113274.34503624486,38726650.38969753,-0.14885730177868206,16269.086778466663,203.2947162101902,Aura,-0.05548200111055168
2024-06-06 23:00:53,0.8003028047478007,114083.55002345836,38814859.1860813,-0.18301603632194796,809.2049872134958,-95.02611917784753,Aura,0.22777285279296233
2024-06-07 00:08:01,0.7955205010443571,151698.86360391023,38456224.911583945,-0.5975617822494894,37615.31358045187,4548.428293797412,Aura,-0.9239612921897566
2024-06-07 01:00:50,0.7945951279598306,152443.68998517114,38370054.654499285,-0.1163229713516789,744.8263812609075,-98.01988522661689,Aura,-0.22407362470647785
2024-06-07 02:08:15,0.7971216436981289,117361.42610353678,38461138.3370472,0.31796265159407255,-35082.26388163435,-4810.126381700393,Aura,0.23738220695297407
2024-06-07 03:08:06,0.7888034608492795,117272.73247197532,38062734.205598965,-1.0435274107297277,-88.69363156145846,-99.74718384235206,Aura,-1.0358615180780406
2024-06-07 04:08:26,0.7862229184710654,103010.07961322927,37927337.65159512,-0.3271464320701356,-14262.652858746049,15980.808292152333,Aura,-0.355719463747628
2024-06-07 05:08:21,0.7872694215216894,103276.25298107692,38017858.35140527,0.13310513164117577,266.17336784764484,-101.86622622371702,Aura,0.23866874242974845
2024-06-07 06:05:57,0.7868949654937871,80470.87165801431,38114806.32784139,-0.0475638984146709,-22805.38132306261,-8667.867441988486,Aura,0.2550064118289397
2024-06-07 07:05:42,0.7871985143049135,66686.98739740474,38007929.10966183,0.038575518263206376,-13783.884260609571,-39.55863282728706,Aura,-0.28040866129626085
2024-06-07 08:05:30,0.7880244422920203,60347.96187565133,38047806.9953707,0.10491991182630667,-6339.025521753407,-54.01132654698399,Aura,0.10491991182632887
2024-06-07 09:05:42,0.7870426296479104,65600.29852598601,38000402.605374806,-0.12459164861108318,5252.336650334684,-182.85716207184257,Aura,-0.12459164861108318
2024-06-07 10:06:16,0.787695014929696,66187.66378310115,37976427.985870905,0.08289071737797027,587.3652571151324,-88.81706759832873,Aura,-0.06309043552215066
2024-06-07 11:04:35,0.7787475816723504,69106.36698405552,37610054.62413412,-1.1359007087462847,2918.7032009543764,396.9145119835146,Aura,-0.9647388687348157
2024-06-07 12:04:23,0.7860766446928465,77737.50089879805,38183298.99932534,0.9411346106214635,8631.133914742531,195.7181090533723,Aura,1.5241785233233163
2024-06-07 13:03:33,0.7812835021903525,77391.50133914588,37732557.34114395,-0.6097551091047815,-345.9995596521767,-104.00873816893498,Aura,-1.1804680841992043
2024-06-07 14:07:03,0.7820833287582891,77703.99792723611,37759644.52126094,0.10237341063701333,312.49658809023094,-190.31704791889754,Aura,0.0717872893482685
2024-06-07 15:06:48,0.7867580162329525,78277.78718118492,38160692.781792,0.5977224296655592,573.7892539488093,83.61456598787957,Aura,1.0621081464504911
2024-06-07 16:03:39,0.7873731537676792,78324.27520286602,38073616.12811144,0.07818637014620489,46.48802168109978,-91.89806686668148,Aura,-0.2281841532030815
2024-06-07 17:03:48,0.7820223547140295,77757.09044166256,37782015.9468494,-0.6795760089159164,-567.1847612034617,-1320.0664616237195,Aura,-0.7658851743444939
2024-06-07 18:03:21,0.7784275028463473,77370.45305232899,37585902.982715,-0.4596865864527233,-386.63738933356944,-31.832197234425685,Aura,-0.5190643199406875
2024-06-07 19:03:36,0.7631394382652601,75699.37690801213,36890242.47969544,-1.9639676816641138,-1671.0761443168594,332.2075904757227,Aura,-1.8508548360258503
2024-06-07 20:03:24,0.7652714082049266,73572.33815611216,36993302.13575581,0.27936833464048405,-2127.0387518999632,27.285567395224987,Aura,0.27936833464050626
2024-06-07 21:04:48,0.7624912869352918,69421.0151905672,36858923.82275744,-0.36328565784994327,-4151.322965544969,95.16912711800983,Aura,-0.36325038653006736
2024-06-07 22:06:52,0.7514375863845143,104300.0449172146,36320205.681559056,-1.4496822114788976,34879.02972664741,-940.1907058577561,Aura,-1.4615677435100949
2024-06-07 23:06:49,0.7441620452199132,96508.91491547153,35935178.70508526,-0.9682162958612128,-7791.130001743077,-122.33757665509455,Aura,-1.0600902975317794
2024-06-08 00:02:11,0.7459033586066047,66936.7445740401,36085609.59150211,0.233996533131009,-29572.170341431425,279.5620190500655,Aura,0.4186173322008768
2024-06-08 01:02:31,0.746767461373848,67453.26187445488,36070722.10795052,0.11584647759965705,516.51730041478,-101.74663304874558,Aura,-0.04125601235538401
2024-06-08 02:01:19,0.757911190573355,73448.08785952415,36670454.74757831,1.4922622872461044,5994.82598506927,1060.624432183633,Aura,1.6626577029229983
2024-06-08 03:01:11,0.7566509365192561,73426.05765820702,36563593.43524424,-0.16627991112593277,-22.030201317131286,-100.36748691908655,Aura,-0.2914098368009044
2024-06-08 04:07:37,0.7567256391176509,74071.27087625662,36658444.28656294,0.009872795339216367,645.2132180495973,-3028.7667813905173,Aura,0.2594133738159199
2024-06-08 05:05:45,0.7459701211213837,75536.31072143147,36138417.041803084,-1.4213233225199295,1465.0398451748479,127.06290016864328,Aura,-1.4185742327054274
2024-06-08 06:05:20,0.7387191482353351,78854.95972666168,36168053.34188709,-0.9720192110574732,3318.6490052302106,126.52278135371398,Aura,0.08200774275675116
2024-06-08 07:07:43,0.7389970028826904,78811.8116674825,35718286.09325982,0.03761302898659391,-43.148059179176926,-101.30016940963553,Aura,-1.2435483999532315
2024-06-08 08:07:42,0.7422633379947472,78941.5990125577,35893569.98574374,0.4419957184285339,129.78734507519403,-400.7953255469458,Aura,0.49073993087533907
2024-06-08 09:02:39,0.7412474142853775,73375.85547873432,35793902.04239154,-0.1368683669752846,-5565.743533823377,-4388.356103284792,Aura,-0.2776763174902497
2024-06-08 10:05:40,0.740671169708473,72609.91628341199,35800702.87702646,-0.07773984310759374,-765.9391953223239,-86.2383311292074,Aura,0.01899998113328305
2024-06-08 11:05:49,0.7415349362801278,70046.99624857077,35859484.87298399,0.11661944017542503,-2562.920034841227,234.61142222427904,Aura,0.16419229577542271
2024-06-08 12:05:45,0.7406678141003779,65840.96265184067,35763411.853641726,-0.11693611957108718,-4206.0335967300925,64.11099603389134,Aura,-0.26791522433342596
2024-06-08 13:05:44,0.7390169699713803,65966.9205942365,35737719.90906717,-0.22288590074656112,125.95794239582028,-102.99469653532354,Aura,-0.07183862848348932
2024-06-08 14:05:41,0.738735584605921,65744.69904592581,35698373.99594532,-0.038075629774803055,-222.22154831068474,-276.42519723953416,Aura,-0.11009631622264093
2024-06-08 15:03:38,0.7395961870831502,65527.76291670419,35775581.1594592,0.1164966863872241,-216.93612922161992,-2.378445802958473,Aura,0.21627641506207773
2024-06-08 16:03:42,0.7392649207400462,65510.02648333982,35821079.41534981,-0.044790163725760834,-17.736433364370896,-91.82412195330934,Aura,0.12717684637411075
2024-06-08 17:03:22,0.7381481917813969,65670.08298646465,35695939.80806688,-0.15105937361824529,160.0565031248334,-1002.4165108998538,Aura,-0.34934627690003106
2024-06-08 18:02:43,0.7485016497808391,66443.01995291012,35921257.578102745,1.402625938086488,772.9369664454716,382.9150652145838,Aura,0.6312140015009238
2024-06-08 19:02:37,0.7525261220435958,78719.30619870593,36391300.51601026,0.5376704599028059,12276.28624579581,1488.2648623019204,Aura,1.3085369767066535
2024-06-08 20:02:39,0.7499620791475121,78565.27523451549,36272793.76204127,-0.34072476967585974,-154.03096419044596,-101.25470326372681,Aura,-0.3256458337257184
2024-06-08 21:02:44,0.7485351185469684,78369.20467251832,36401804.55780024,-0.1902710337255642,-196.07056199717044,27.292952444773476,Aura,0.3556682085347873
2024-06-08 22:02:48,0.7516834104426057,39227.69227700067,36379552.32193159,0.4205937460554532,-39141.512395517646,19862.97251194828,Aura,-0.061129485581723486
2024-06-08 23:09:25,0.7436089602148123,41925.01667490011,35943293.94106298,-1.074182310746885,2697.324397899436,-106.89121148575833,Aura,-1.1991856771849663
2024-06-09 00:07:53,0.74305242718013,44138.06797910941,35951581.52560628,-0.07484216361802742,2213.0513042093007,-17.953832103667878,Aura,0.023057387441705046
2024-06-09 01:04:28,0.7421598668244733,43953.05561034165,35890823.47304994,-0.12012077788964293,-185.0123687677551,-108.36005782675959,Aura,-0.16899966560043334
2024-06-09 02:04:04,0.7448546464722842,36536.67045058473,36022051.33153505,0.3630996188652924,-7416.385159756923,3908.5888360613694,Aura,0.3656306704237222
2024-06-09 03:02:09,0.7408137561175524,36272.72573894266,35968542.21509295,-0.5425072359915961,-263.9447116420706,-96.44105981611773,Aura,-0.14854544498207334
2024-06-09 04:01:53,0.7433179673283766,36391.8743024598,35948633.1196616,0.3380351930758252,119.14856351714116,-145.1414854178688,Aura,-0.055351410441639715
2024-06-09 05:02:14,0.7464009414898457,36543.89341706612,36191570.95233497,0.4147584609786703,152.01911460632255,27.587870234333558,Aura,0.6757915714478147
2024-06-09 06:02:08,0.7459160531161044,29427.08359154628,36149411.934608325,-0.06496352654290494,-7116.809825519842,-4781.523007123113,Aura,-0.11648849888878932
2024-06-09 07:02:17,0.7466094037548692,29675.663211812265,36147018.18740097,0.09295290480320073,248.57962026598398,-103.49285180242718,Aura,-0.006621815070428916
2024-06-09 08:01:55,0.7463022445221064,29754.416087547743,36148732.108894825,-0.041140552371565775,78.75287573547757,-68.31885266732213,Aura,0.0047415293980002104
2024-06-09 09:08:44,0.748973201218146,29326.844187135084,36227904.76352393,0.357892089383971,-427.5719004126586,-642.9286186942893,Aura,0.21901917442250785
2024-06-09 10:09:04,0.7452387335185636,29387.39244159725,36028888.937359385,-0.4986116584022704,60.54825446216637,-114.16095267339364,Aura,-0.5493440138578554
2024-06-09 11:08:54,0.7459182276666546,29117.00393541276,36051338.91154379,0.09117805040579352,-270.38850618449214,-546.5669713954259,Aura,0.06231103663350002
2024-06-09 12:04:31,0.7461127154907466,29071.197034209334,36241494.1524987,0.02607361194275626,-45.806901203424786,-83.05885784502625,Aura,0.5274568065876339
2024-06-09 13:08:25,0.7515357681486434,29631.562320979723,36403735.12736266,0.7268409377435558,560.3652867703895,-1323.3206614039489,Aura,0.44766635222399653
2024-06-09 14:03:20,0.7548976351431341,52034.526372482615,36544021.2833446,0.44733293303822474,22402.96405150289,3897.921459521553,Aura,0.3853619841236888
2024-06-09 15:03:09,0.7555234272623892,56263.75349055911,36600437.97620561,0.0828976128844916,4229.227118076495,-81.12201979901504,Aura,0.15438008976511597
2024-06-09 16:03:49,0.7559788683801253,56805.04802613965,36632236.07390074,0.06028153480115428,541.2945355805423,-87.20110033185615,Aura,0.08687900870421039
2024-06-09 17:09:27,0.7556428013688734,56591.19043253239,36580123.68198109,-0.04445455095484219,-213.85759360725933,-139.50854471085609,Aura,-0.14225828806769814
2024-06-09 18:09:32,0.7569328396162258,56915.28965329022,36695054.50824187,0.17072064274488152,324.09922075783106,-251.54908240154708,Aura,0.3141892773790511
2024-06-09 19:05:41,0.7524728346527123,44175.435090930136,36424903.39545109,-0.5892206983349801,-12739.854562360088,-4030.850105893771,Aura,-0.7362057814360279
2024-06-09 20:05:51,0.7548971087711546,44299.95964872992,36296153.29905818,0.32217430408116865,124.52455779978482,-100.97744096834272,Aura,-0.3534672281628959
2024-06-09 21:05:34,0.7540769226841775,44250.94120906359,36519015.24657245,-0.10864872542858395,-49.01843966633169,-139.36447599769463,Aura,0.6140098254435511
2024-06-09 22:08:21,0.7553033724193685,44263.19570964697,36390711.1224562,0.16264252336823937,12.254500583381741,-124.99977695495426,Aura,-0.35133511473394163
2024-06-09 23:08:57,0.7530762456275955,32395.29368480965,36427923.04888083,-0.29486519895167707,-11867.90202483732,-96945.2524367359,Aura,0.10225666187013704
2024-06-10 00:08:37,0.7525512814374165,30167.69082125513,36448945.06589019,-0.06970930144549747,-2227.602863554519,-81.23001977188083,Aura,0.05770852480706523
2024-06-10 01:05:55,0.750206414573436,42106.48226302659,36350533.06609279,-0.31158898028871285,11938.79144177146,-635.9479302662186,Aura,-0.2699995833061797
2024-06-10 02:03:21,0.7479708867551037,31065.137900986632,36211333.45272873,-0.29798836358968517,-11041.34436203996,-192.48293192733468,Aura,-0.38293692450386274
2024-06-10 03:02:51,0.7599417503185943,43016.004518547954,36856576.24289056,1.600445120989047,11950.866617561322,-208.23742314068468,Aura,1.7818807777519208
2024-06-10 04:07:48,0.7477052989647136,35217.2694884864,36133704.67947745,-1.6101828000305018,-7798.735030061551,-165.25664857309695,Aura,-1.9613095873291964
2024-06-10 05:03:32,0.7457624422160618,37878.37796914075,36104630.17884545,-0.2598425812070482,2661.108480654344,-134.12230920010296,Aura,-0.08046365821027246
2024-06-10 06:04:09,0.7492798502416002,53848.883142512655,36169637.15551987,0.4716526103253793,15970.505173371908,500.1448377423868,Aura,0.18005163424306136
2024-06-10 07:09:46,0.7523768735761796,57330.52533270295,36458597.92453691,0.4133333271381545,3481.642190190294,-78.19954877823565,Aura,0.798904251581467
2024-06-10 08:02:32,0.7493644299418649,57326.40275590963,36239662.24830497,-0.40039024857262406,-4.122576793321059,-100.11840897393007,Aura,-0.6005049252993833
2024-06-10 09:04:35,0.7519054571855831,57720.75314081585,36258358.83702291,0.33909098726707665,394.3503849062181,-9665.628602603614,Aura,0.05159150929672229
2024-06-10 10:03:13,0.7408691733263885,59290.38281565653,35885976.283315144,-1.4677754701374224,1569.6296748406821,298.0291981238871,Aura,-1.0270253967687326
2024-06-10 11:08:15,0.7414076824475561,59769.18682428891,35922915.25076057,0.07268612874655744,478.80400863238174,-69.49573416538645,Aura,0.10293426923597693
2024-06-10 12:08:13,0.7414138611447163,60194.60143207135,35927774.347185925,0.0008333737708143829,425.4146077824407,-11.150575159643783,Aura,0.013526453494749902
2024-06-10 13:07:23,0.74091649400443,59788.75478744208,35937856.38871763,-0.06708360422589266,-405.8466446292732,-195.40026064098518,Aura,0.02806197075910788
2024-06-10 14:00:24,0.7391280811657497,47472.69290964516,35842936.343248084,-0.2413784621009718,-12316.061877796921,2934.659037047655,Aura,-0.26412272463569586
2024-06-10 15:08:10,0.74674062994863,46976.52711556909,36204336.80024679,1.0299363502566106,-496.1657940760633,-95.97139248731335,Aura,1.0082892024742884
2024-06-10 16:02:47,0.7506965389077145,46523.60267112755,36362706.37468817,0.5297567589641616,-452.92444444154535,-8.71510090997707,Aura,0.43743260735631395
2024-06-10 17:08:30,0.7494716406223091,46356.10885191861,36384685.91114088,-0.16316823402271474,-167.49381920893939,-63.0194790180824,Aura,0.06044527111439546
2024-06-10 18:08:25,0.7502645271242324,45770.13868994769,36421118.06373818,0.10579272903041836,-585.9701619709158,249.84584191727697,Aura,0.1001304578697626
2024-06-10 19:07:45,0.7483816573136439,45671.249071194026,36288379.754432015,-0.25096079349580247,-98.88961875366658,-83.12377913219157,Aura,-0.3644542407343798
2024-06-10 20:07:53,0.745717232786343,45502.78543603857,36113960.96320827,-0.3560248305476854,-168.46363515545818,70.35522765549338,Aura,-0.48064640087007726
2024-06-10 21:07:59,0.7426503395141699,45492.49101203175,35982600.52798375,-0.41126758740894775,-10.29442400681728,-93.88923075456755,Aura,-0.3637386531993858
2024-06-10 22:07:47,0.7424620657856372,45501.83773858972,35968186.94348467,-0.02535159798834341,9.346726557967486,-190.79407018574133,Aura,-0.04005709506145205
2024-06-10 23:07:36,0.7420443729576978,45954.53983944951,35909095.94148793,-0.05625780052446183,452.7021008597949,4743.429387306675,Aura,-0.164286851849349
2024-06-11 00:00:25,0.742221522625128,47106.07348323377,35985019.877122864,0.023873190591561233,1151.5336437842561,154.368963960451,Aura,0.21143371517524656
2024-06-11 01:02:25,0.7405616366915048,47000.20242283373,35872023.23437733,-0.22363753718059876,-105.8710604000371,-109.19391812575408,Aura,-0.3140102273984535
2024-06-11 02:07:25,0.7351764316842411,46169.736572944304,35479067.5022197,-0.7271785008095111,-830.4658498894278,684.4125172181016,Aura,-1.0954378836960932
2024-06-11 03:08:24,0.7287528349901271,45018.18152520773,35184926.879012264,-0.873748996468493,-1151.555047736576,38.66374491978202,Aura,-0.829053985674888
2024-06-11 04:08:30,0.729135839974502,41500.04819968356,35348270.11772454,0.05255622564819262,-3518.13332552417,205.51151961334293,Aura,0.4642420866013186
2024-06-11 05:09:45,0.7236194412966213,38224.85311772156,35117899.45749861,-0.7565666608945865,-3275.195081961996,-6.905316572275677,Aura,-0.6517169283212332
2024-06-11 06:08:39,0.7269682559255237,34677.40596900874,35153155.47869388,0.46278671326214216,-3547.447148712825,8.312545052667119,Aura,0.10039330865430074
2024-06-11 07:08:14,0.7238864592917659,31009.82854209035,35072653.00446564,-0.42392451233435047,-3667.5774269183894,3.3863866935735176,Aura,-0.22900497304439993
2024-06-11 08:05:57,0.7214073947447439,30717.869907238128,35043150.11629833,-0.34246593719233775,-291.9586348522207,-92.03946908634092,Aura,-0.08411935123228131
2024-06-11 09:06:24,0.724735563813805,32196.370745106586,35108730.97591524,0.4613439082141291,1478.500837868458,-606.4076418280362,Aura,0.18714316321237767
2024-06-11 10:06:18,0.7232096425213727,30207.879980955284,35165840.57253127,-0.21054869784538077,-1988.4907641513018,-234.49371912552257,Aura,0.16266494125123376
2024-06-11 11:07:55,0.7238259294263374,30886.347416042245,35253928.146711685,0.08521552655411657,678.4674350869609,-134.11971769336,Aura,0.2504918771918163
2024-06-11 12:07:49,0.7194227928633475,30694.64749282391,35499994.33912422,-0.608314289939782,-191.69992321833342,-128.25484515609253,Aura,0.6979823394105411
2024-06-11 13:08:55,0.7191413928969375,30695.64604556321,35095856.42462904,-0.03911468599571144,0.9985527393000666,-100.52089365636459,Aura,-1.138416842083212
2024-06-11 14:09:36,0.7344297453272033,84190.8436601084,35690060.50710609,2.1259174595247954,53495.197614545184,5357173.132317731,Aura,1.693088994004599
2024-06-11 15:07:19,0.7464941074154778,86619.75657799216,36254552.4395919,1.6426842955413745,2428.912917883761,-95.45956828613836,Aura,1.5816502535024313
2024-06-11 16:01:59,0.7240152177338973,95202.08671892276,35257774.91319381,-3.0112615033770607,8582.3301409306,253.3403802886489,Aura,-2.7493858269494464
2024-06-11 17:01:31,0.7170546451709009,94308.9320056833,35030599.23353003,-0.9613848428189686,-893.1547132394626,-110.40690230476984,Aura,-0.6443278971038136
2024-06-11 18:08:37,0.7199444417996155,95056.57063227214,35112108.10311452,0.4030092613131142,747.6386265888432,-183.70762819771346,Aura,0.232679061642993
2024-06-11 19:08:33,0.7236750712344374,95879.67382926626,35237017.32795547,0.51818296221533,823.103196994125,10.093722785511305,Aura,0.35574401990938753
2024-06-11 20:10:03,0.7232966139920278,95830.29063918148,35337895.56577501,-0.05229657030523249,-49.3831900847872,-105.9996353148826,Aura,0.28628483756343304
2024-06-11 21:05:54,0.7215630233436081,95869.9102941718,35094125.421383314,-0.23967907700434,39.619654990325216,-180.22903121953294,Aura,-0.6898264327539261
2024-06-11 22:05:58,0.7200921842748712,82424.71965333169,35066930.257300235,-0.20384069321086606,-13445.190640840112,-34035.65805689957,Aura,-0.07749206956019217
2024-06-11 23:07:56,0.7240697608404227,94934.06166768535,35180839.188175894,0.5523704676168473,12509.342014353664,-193.0395287691661,Aura,0.3248329124901028
2024-06-12 00:08:02,0.7219760802900645,94652.85048545274,35136074.075716086,-0.28915453504481103,-281.21118223261146,-102.24800938298706,Aura,-0.12724287848953075
2024-06-12 01:07:54,0.721549208748401,94598.50533870653,35139950.83169159,-0.059125441038443416,-54.345146746214596,-80.67461389168318,Aura,0.011033549073102833
2024-06-12 02:05:16,0.7179834018897916,94525.3902149563,34959117.8018881,-0.49418761955191126,-73.11512375023449,34.53846042899371,Aura,-0.5146080900045091
2024-06-12 03:10:25,0.7218850621771085,96857.18700014842,35134500.29097792,0.543419287555591,2331.7967851921276,-3289.2126629747368,Aura,0.5016788183377585
2024-06-12 04:08:30,0.7255085724589462,97269.22584648216,35302572.96680473,0.5019511376104235,412.038846333744,-82.32955594799853,Aura,0.47836933622182887
2024-06-12 05:08:41,0.7260875544387064,97761.99845265728,35378133.7895049,0.07980360284343124,492.7726061751164,19.593725339183067,Aura,0.2140377211916622
2024-06-12 06:06:53,0.7244973589966226,96770.89003915412,35283580.309288815,-0.21900877275236041,-991.108413503156,-301.1289590945618,Aura,-0.26726531359360095
2024-06-12 07:02:11,0.7258784474433296,98588.52595285085,35365493.54235132,0.1906271195549536,1817.6359136967221,-283.39425727122375,Aura,0.23215680592636456
2024-06-12 08:01:56,0.7270470760434875,98714.0338291814,35386615.59369551,0.16099508179006072,125.50787633055006,-93.09499359113723,Aura,0.059725029197998936
2024-06-12 09:02:30,0.7265776189101665,96881.35308701653,35399557.8462062,-0.0645703901150041,-1832.68074216487,-1560.2117378977389,Aura,0.0365738635740076
2024-06-12 10:00:38,0.7274957349696387,97148.1700991288,35466477.66753531,0.12636173143474316,266.81701211226755,-114.55883755274732,Aura,0.1890414044713351
2024-06-12 11:00:34,0.7410454041499133,132385.79435675524,36200842.08993308,1.8625084009379123,35237.62425762645,13106.663240348276,Aura,2.0705874129417046
2024-06-12 12:00:30,0.744797957538431,131936.74720025962,36413975.33500147,0.5063864329369228,-449.0471564956242,-101.274340044075,Aura,0.5887521747115709
2024-06-12 13:00:54,0.7592485741002493,134498.45943451385,37135785.09761843,1.9402062553417476,2561.712234254228,-670.4773312108015,Aura,1.982232799293282
2024-06-12 14:03:06,0.7621650726496868,85693.19624221484,37324209.64046997,0.38412960510247895,-48805.26319229901,-2005.1813291006638,Aura,0.5073934544704839
2024-06-12 15:04:29,0.7630324005617996,73340.36275063695,37294929.26858679,0.11379790851573368,-12352.833491577883,-74.68954640628382,Aura,-0.07844873921034612
2024-06-12 16:04:20,0.7660727265713053,60513.23647356642,37385273.143300645,0.3984530679519427,-12827.126277070529,3.8395464960813808,Aura,0.242241710832114
2024-06-12 17:03:20,0.7646737837322628,60983.83734245962,37361115.60353441,-0.18261227563911575,470.6008688931979,-103.66879423128805,Aura,-0.0646177966217909
2024-06-12 18:03:29,0.7659694643928475,60749.34245802016,37339243.04305045,0.16944227566697556,-234.4948844394603,-149.82882521890934,Aura,-0.05854364927444511
2024-06-12 19:03:26,0.7567462025710688,59940.58064907616,36987263.01625895,-1.2041291788426056,-808.7618089440002,244.89528881505254,Aura,-0.9426544249589885
2024-06-12 20:06:38,0.7407631690919136,63714.33016261457,36039807.780354895,-2.1120731659904357,3773.749513538409,-566.6082735120481,Aura,-2.561571629367565
2024-06-12 21:05:45,0.7399950341580932,64221.95923674246,36170246.69565515,-0.10369507635781261,507.62907412789355,-86.54841630832244,Aura,0.3619301082159465
2024-06-12 22:06:07,0.742493438917717,64389.98173340759,36269674.07625285,0.33762453047625485,168.02249666512944,-66.90053717790062,Aura,0.27488720614570195
2024-06-12 23:04:33,0.7428555562780437,64321.08030517031,36236977.07215493,0.04877044581761414,-68.90142823728092,-141.0072636729129,Aura,-0.09014970476209916
2024-06-13 00:06:11,0.741769786398113,64198.13741165362,36257288.09350958,-0.1461616421597145,-122.94289351669431,78.4330117124812,Aura,0.05605054007182808
2024-06-13 01:04:17,0.7400320797482378,74061.23202251738,36172349.97418758,-0.2342649541326236,9863.094610863758,-8122.500795887366,Aura,-0.2342649541326236
2024-06-13 02:04:24,0.736920115066764,72997.52526701885,36005915.58261284,-0.420517537906262,-1063.706755498526,-110.78471613084702,Aura,-0.46011495436019123
2024-06-13 03:04:22,0.7301477123661938,70422.86797055547,35689207.6807638,-0.9190144986009341,-2574.6572964633815,142.04577842101983,Aura,-0.8795996344611146
2024-06-13 04:04:22,0.728913158384858,70155.94531675741,35447525.13308538,-0.16908277057184895,-266.9226537980576,-89.63269192506864,Aura,-0.6771866437614737
2024-06-13 05:00:57,0.7265505714850723,76839.71444046266,35647234.42647134,-0.3241246056005953,6683.7691237052495,-2604.0096929209712,Aura,0.5633941795263997
2024-06-13 06:00:45,0.7257695098340642,77063.4059431808,35494858.39729097,-0.10750272337018973,223.6915027181385,-96.6532132008454,Aura,-0.4274554018900756
2024-06-13 07:01:25,0.7216129968342122,75368.93646510835,35436788.78250604,-0.5727042736753063,-1694.469478072453,-857.5028364879653,Aura,-0.1636000745092625
2024-06-13 08:01:23,0.725830130144698,76510.08908269189,35375723.07154947,0.5844037356570242,1141.152617583546,-167.3457168955127,Aura,-0.17232292500137802
2024-06-13 09:02:40,0.7239041818763222,76776.96598928704,35452626.61713107,-0.2653442160071018,266.8769065951492,-76.61339048932159,Aura,0.21739073834918798
2024-06-13 10:06:06,0.720070655076461,76590.73085503944,35249907.02722441,-0.5295627371463718,-186.23513424760313,-169.78315831954723,Aura,-0.5718041489447989
2024-06-13 11:06:29,0.7237079904042832,53400.67304439393,35221157.36185504,0.5051358921765781,-23190.057810645507,12352.031623535593,Aura,-0.08155954949657929
2024-06-13 12:06:42,0.7222381903872731,53324.60538351968,35267833.166171946,-0.20309296518739028,-76.06766087425058,-99.67198158152357,Aura,0.13252206291056723
2024-06-13 13:02:40,0.7225598444199933,50711.91191564709,35335584.735489376,0.04453572754823387,-2612.6934678725884,3334.69673951418,Aura,0.19210584613520432
2024-06-13 14:05:24,0.7255717623098048,45440.77035424991,35500417.818541504,0.41683992171321904,-5271.141561397184,101.75124354290452,Aura,0.4664790020768361
2024-06-13 15:05:03,0.7258153631715246,45466.78102034039,35512336.60152236,0.03357364141960417,26.010666090485756,-100.49345413678459,Aura,0.03357364141960417
2024-06-13 16:05:25,0.7177886809197191,49154.31696200628,35242376.804172784,-1.1058848653646702,3687.5359416658903,14077.014647905253,Aura,-0.7601859612301753
2024-06-13 17:04:59,0.7131939641343715,50838.04469363458,34894803.00588313,-0.6401210979616323,1683.7277316282998,-54.34003198169087,Aura,-0.9862382444322026
2024-06-13 18:04:52,0.7112186332310687,51057.53537633339,34740811.9365046,-0.2769696607991312,219.4906826988081,-86.96400382462413,Aura,-0.44130087036904353
2024-06-13 19:05:57,0.7131699292324527,51357.04513507186,34917545.90720413,0.27435951621785915,299.5097587384662,36.45670743548726,Aura,0.5087214743931145
2024-06-13 20:02:56,0.7142319545231435,47125.33623946495,35034405.250383526,0.14891616249632644,-4231.708895606906,-1512.8784696134262,Aura,0.33467226903620695
2024-06-13 21:04:44,0.7150948438838317,48717.33525076483,35080797.161196366,0.12081360337123925,1591.9990112998785,-137.62071188196788,Aura,0.13241814862072765
2024-06-13 22:04:21,0.7145515194002784,48730.21619147057,34997710.9957996,-0.07597935968918224,12.880940705741523,-99.190895181824,Aura,-0.2368422958434646
2024-06-13 23:03:13,0.7129033071353149,49221.523094838965,34989623.36548953,-0.2306638807999195,491.30690336839325,3714.2160156781033,Aura,-0.02310902650474178
2024-06-14 00:05:19,0.7130186890004563,49160.86953210598,35003070.352723494,0.016184784666672947,-60.65356273298676,-112.34535120861253,Aura,0.038431357472767935
2024-06-14 01:05:22,0.7225245593198949,39764.42462176577,35375742.37726396,1.3331866984811258,-9396.444910340208,15391.991709878408,Aura,1.0646838142628123
2024-06-14 02:06:54,0.7128316962676238,40365.82335635445,34900040.608879045,-1.3415271394227601,601.398734588678,-106.400279470876,Aura,-1.3447117612735981
2024-06-14 03:04:27,0.7138616858360687,40758.33367978817,34951787.713429466,0.14449267251133158,392.5103234337221,-34.73376299965506,Aura,0.14827233334868684
2024-06-14 04:08:40,0.7185116394956372,42903.62469131582,35155028.907727204,0.6513801975690292,2145.2910115276463,446.55658296077723,Aura,0.5814901256671501
2024-06-14 05:00:11,0.7209900417838375,36408.19827857948,35294941.83064524,0.34493557960175725,-6495.426412736335,-402.7760046461477,Aura,0.3979883597458267
2024-06-14 06:00:12,0.72452715477221,36182.055317324455,35556127.645945534,0.4905911015942843,-226.14296125502733,-96.51842778463931,Aura,0.7400091960868993
2024-06-14 07:08:06,0.7249918206029001,36581.75954431506,35450870.89623582,0.06413366671347287,399.70422699060146,-276.7484713087508,Aura,-0.2960298454258492
2024-06-14 08:08:01,0.7271143610170129,35483.18238177044,35626306.372928694,0.2927674980315764,-1098.577162544614,-374.8475218327991,Aura,0.49486930012627717
2024-06-14 09:08:34,0.7265976490862511,35566.38716018063,35631199.762307085,-0.07106336478336361,83.20477841018874,-107.57386747576867,Aura,0.013735326158048622
2024-06-14 10:04:59,0.7230799860859972,34219.66225230473,35379122.486385554,-0.4841280459244035,-1346.7249078758978,-1718.5667861967243,Aura,-0.7074622173912748
2024-06-14 11:02:08,0.7226960872886554,30005.64339197339,35270151.93941106,-0.05309216196396349,-4214.018860331344,212.90865979287807,Aura,-0.3080080547968045
2024-06-14 12:02:07,0.7322705241780331,35160.01839844057,35852372.10096902,1.3248220182425774,5154.375006467177,-222.31494868207338,Aura,1.6507446935814851
2024-06-14 13:05:31,0.7179071424476975,38609.344018502816,35098175.9694929,-1.9614857154681142,3449.325620062249,-33.07965338698888,Aura,-2.1036157087517604
2024-06-14 14:05:30,0.726719703944832,38784.35536347585,35429078.853321895,1.2275350078128744,175.01134497303428,-94.92621560704158,Aura,0.9427922525564236
2024-06-14 15:02:46,0.7126301593619606,34628.82427218472,34845954.22471228,-1.9387866472299398,-4155.53109129113,-2474.435264143255,Aura,-1.645892717176689
2024-06-14 16:00:58,0.7228060003793323,48532.6552474904,35388595.35230827,1.4279273594710595,13903.830975305682,-434.58613760451357,Aura,1.5572571900216658
2024-06-14 17:00:40,0.7135998160612815,46318.40868695531,34896838.091828346,-1.2736729237470823,-2214.2465605350953,-115.92544216387392,Aura,-1.3895924819402383
2024-06-14 18:08:56,0.7027796448575243,46331.334736667945,34382120.54917081,-1.5162799877779132,12.926049712637905,-100.58376740616973,Aura,-1.4749689966268575
2024-06-14 19:08:41,0.7017494778528519,46697.59258661696,34376089.94143743,-0.1465846388993275,366.25784994901187,2733.486317099017,Aura,-0.01753995285064258
2024-06-14 20:02:04,0.7035248929619119,47126.73815498341,34380245.2367759,0.25299842252710647,429.1455683664535,17.170340083139912,Aura,0.012087748622802152
2024-06-14 21:05:52,0.705160235512782,46060.47485217639,34548455.61436538,0.23244984892931697,-1066.2633028070195,-348.46191628303666,Aura,0.48926462400433746
2024-06-14 22:07:01,0.7193476925903846,47003.73116101529,35250534.4107636,2.0119479748153646,943.2563088388997,-188.4637318339387,Aura,2.0321568183392147
2024-06-14 23:08:28,0.7130174478702488,51054.87448892775,34980729.801395126,-0.8799979183001794,4051.1433279124612,329.4848907927488,Aura,-0.7653915433579628
2024-06-15 00:04:48,0.7129334610601749,51343.006929128365,34866334.8676596,-0.011779068005246529,288.1324402006139,-92.88762660616385,Aura,-0.32702271903705116
2024-06-15 01:07:52,0.714606007415081,51416.501577733216,35019059.53796124,0.23460062491931222,73.49464860485023,-74.49275459796226,Aura,0.43802903540428595
2024-06-15 02:01:57,0.7132654516163447,52333.06600158472,34959659.558534905,-0.18759369286376337,916.5644238515015,1147.117227241241,Aura,-0.16962185795407203
2024-06-15 03:01:55,0.7135564160757407,52170.45953618194,34895905.74611028,0.04079329213781957,-162.60646540277958,-117.74086590874757,Aura,-0.1823639395511778
2024-06-15 04:07:39,0.7137145521702656,51839.3484067206,34985178.257051654,0.022161680697174724,-331.11112946133653,103.6272842172465,Aura,0.2558251721301863
2024-06-15 05:07:27,0.7172461510455385,52116.16950889184,35081218.36607992,0.4948195135623834,276.82110217124136,-183.60368394187893,Aura,0.2745165633361024
2024-06-15 06:07:10,0.7197530192285437,51985.66718189556,35242935.144621275,0.34951295024043816,-130.50232699628395,-147.14320041813696,Aura,0.46097822730615245
2024-06-15 07:07:09,0.72012305966808,53756.99352893199,35316789.97824279,0.05141214133883576,1771.3263470364327,-1457.3139941687562,Aura,0.2095592586668804
2024-06-15 08:02:32,0.7202855073162897,53538.50828076886,35241186.91100463,0.022558317780374537,-218.48524816313147,-112.33455644854344,Aura,-0.21407117488518868
2024-06-15 09:02:43,0.7198564325572894,54045.73061824484,35262774.1225157,-0.05957009472521424,507.22233747597784,-332.1540432319081,Aura,0.0612556312747925
2024-06-15 10:02:35,0.7205237248696799,53877.6016699037,35317208.46483957,0.09269797173583338,-168.1289483411383,-133.14699214111423,Aura,0.1543677253943443
2024-06-15 11:02:44,0.7186945834291562,54941.712240477296,35206439.79939115,-0.25386276362441285,1064.1105705735972,-732.913356725748,Aura,-0.31363935674219023
2024-06-15 12:07:15,0.7244740872087756,50858.30842046375,35196745.24437999,0.8041668760105702,-4083.4038200135474,-483.73867649979576,Aura,-0.027536311727061058
2024-06-15 13:02:45,0.7201883269204054,42338.97182098523,35259869.186877064,-0.5915684720874226,-8519.33659947852,108.63321324537173,Aura,0.1793459652555729
2024-06-15 14:03:02,0.7367859643166426,42783.20096327889,36026803.33985275,2.3046246066234177,444.2291422936614,-105.21436307987706,Aura,2.175090749517361
2024-06-15 15:02:58,0.7526042456657681,42762.56143112775,36834648.257128194,2.146930331904029,-20.639532151137246,-104.64614546550692,Aura,2.242344150422615
2024-06-15 16:08:27,0.7411342985491072,16057.736640194698,37482365.12879764,-1.5240343358034592,-26704.824790933053,129286.77386377486,Aura,1.7584445686789074
2024-06-15 17:09:28,0.7439584432517952,25876.8903531076,36521412.644606136,0.38105707807838396,9819.153712912901,-136.76921226701606,Aura,-2.563745593132838
2024-06-15 18:07:03,0.7372326416851493,25419.27715999527,36227395.4496001,-0.9040560837306644,-457.6131931123309,-104.66041378403656,Aura,-0.8050542783411663
2024-06-15 19:04:10,0.7352248208305525,25609.87701899914,36039353.42712159,-0.27234562620659375,190.59985900387255,-141.65086624962882,Aura,-0.5190602861310234
2024-06-15 20:04:04,0.7364458521625524,24513.671612297963,36099206.11227688,0.16607591275557,-1096.2054067011777,-675.1344268722178,Aura,0.16607591275557
2024-06-15 21:04:16,0.7166127066640303,24042.33925376247,35218267.07406269,-2.693089443070751,-471.33235853549195,-57.00328098600815,Aura,-2.440328010190218
2024-06-15 22:04:24,0.7178565264555173,24546.656166917528,35046943.50027508,0.17356931853431679,504.3169131550567,-206.9981519456999,Aura,-0.486462248205799
2024-06-15 23:06:04,0.716567927834013,20141.96492090133,34902894.831203505,-0.17950642976903852,-4404.691246016198,-973.3974870007854,Aura,-0.4110163531677036
2024-06-16 00:00:44,0.7146312217342724,23624.731049261605,34969578.158180185,-0.270275297639222,3482.7661283602756,-179.0694723837964,Aura,0.19105385756446047
2024-06-16 01:03:01,0.7133806795925075,23599.6197548978,34880603.59296713,-0.17499125475235466,-25.11129436380361,-100.72101580865053,Aura,-0.25443419651958177
2024-06-16 02:02:59,0.7155075733680036,22938.17165898152,34956387.28346165,0.2981428900921568,-661.4480959162829,2534.0661151649742,Aura,0.2172659951039435
2024-06-16 03:04:05,0.7155666798580458,22802.60787633005,34933344.451616526,0.008260777697133292,-135.5637826514685,-79.50500069643766,Aura,-0.06591880235869985
2024-06-16 04:04:38,0.712768724812957,21222.99440813595,34826161.98545444,-0.391012483371056,-1579.6134681941003,1065.2179050323873,Aura,-0.30681993907150096
2024-06-16 05:01:15,0.7217906747565451,22014.26753813381,35449926.066279404,1.2657611970777083,791.2731299978586,-150.09283257773717,Aura,1.7910790200926785
2024-06-16 06:00:38,0.7124902785178796,22202.02960832888,34911574.24467678,-1.2885170955973413,187.76207019507274,-76.2708901545057,Aura,-1.5186260772337978
2024-06-16 07:04:58,0.7123022617081306,20498.674587683498,34919370.044288926,-0.026388684227396375,-1703.3550206453838,-1007.1880273133479,Aura,0.022330129135705867
2024-06-16 08:05:31,0.7114038123071514,20454.619557710248,34877969.839921005,-0.12613316695424537,-44.055029973249475,-97.41363195345164,Aura,-0.11855942508530726
2024-06-16 09:02:53,0.711318241831997,20478.8722706929,34800563.510817125,-0.01202839704737002,24.252712982652156,-155.0509510432261,Aura,-0.22193473260958552
2024-06-16 10:05:58,0.7081827805633514,20483.396342538126,34720350.81019398,-0.44079584695736473,4.52407184522599,-81.34612054139248,Aura,-0.23049253382985135
2024-06-16 11:02:43,0.708734801193953,19315.88750498253,34838994.63689939,0.07794889197425547,-1167.508837555597,-25906.593650532017,Aura,0.3417126380836466
2024-06-16 12:02:51,0.7209112493544493,10941.852855437251,34522436.133960955,1.7180542199964677,-8374.034649545278,617.2566391084389,Aura,-0.9086327152596829
2024-06-16 13:01:43,0.7088472436332114,20339.762386966155,34563593.90581665,-1.673438406189498,9397.909531528903,-212.2267810539717,Aura,0.11922035772906625
2024-06-16 14:03:57,0.7304815089979455,12865.748590591513,35814463.654544495,3.052034914299351,-7474.013796374642,-179.52847142548228,Aura,3.6190384371960205
2024-06-16 15:01:53,0.7061660209914884,20252.706571593484,34507910.660125926,-3.3286931574506795,7386.957981001971,-198.83522003378027,Aura,-3.648115484909076
2024-06-16 16:01:50,0.7157579716255813,17910.3209252287,35102080.36807788,1.3583138170009112,-2342.3856463647826,-131.709746452992,Aura,1.7218362299706635
2024-06-16 17:01:44,0.7169281869242535,17842.770765980196,35101874.02374058,0.16349315621515537,-67.55015924850522,-97.11618113126084,Aura,-0.0005878407636661365
2024-06-16 18:04:05,0.7163442928793767,17428.901476262647,35183815.9590466,-0.08144386781356872,-413.8692897175497,512.6844027043621,Aura,0.23344034352865695
2024-06-16 19:05:27,0.7167908047021991,17774.599630324756,35143614.93609483,0.06233201370637875,345.6981540621091,-183.528341592592,Aura,-0.11425998532554882
2024-06-16 20:05:38,0.7172662154732857,17751.953345470087,35160938.41095445,0.06632489813873654,-22.64628485466892,-106.55088393980843,Aura,0.04929337773340592
2024-06-16 21:05:59,0.7176116392320864,17607.556701707454,35234198.996717565,0.04815837569773773,-144.39664376263318,537.6173605926507,Aura,0.20835787972111053
2024-06-16 22:01:44,0.7180269705576382,18624.0832809784,35244089.17920865,0.05787689369090021,1016.526579270947,-803.9821375225084,Aura,0.02806983775056615
2024-06-16 23:01:37,0.7270842748739779,19940.4773660094,35284375.35510407,1.261415613581418,1316.3940850309991,29.49922922577364,Aura,0.1143061910057197
2024-06-17 00:02:06,0.7226187970704603,16154.168405150249,36252575.97325779,-0.6141623409874453,-3786.308960859151,-387.62731494421666,Aura,2.743992513427518
2024-06-17 01:02:06,0.7320348886659238,9829.872218190603,35891229.466804355,1.3030510185504385,-6324.296186959646,67.03064256870894,Aura,-0.9967471186598797
2024-06-17 02:05:09,0.7163422812036062,16232.030122326774,35193305.467159994,-2.1436966605397956,6402.157904136171,-201.2311522875395,Aura,-1.9445530565896818
2024-06-17 03:04:18,0.7167167177651362,16201.016171528154,35140404.236650795,0.05227062137123095,-31.0139507986205,-100.48442964486371,Aura,-0.15031617464452696
2024-06-17 04:03:17,0.7241255224575677,9347.312894187426,35503655.69339685,1.0337145079486243,-6853.703277340728,21998.775231324547,Aura,1.0337145079486465
2024-06-17 05:03:13,0.7161845681094904,18976.505323067056,35492283.50258854,-1.0966267728179102,9629.19242887963,-240.49619657032784,Aura,-0.03203104183557848
2024-06-17 06:06:16,0.7152707578547014,18840.9184503014,35103833.33257776,-0.12759423973643935,-135.58687276565615,-101.40808145404807,Aura,-1.0944637303555105
2024-06-17 07:06:49,0.7116402855777882,18964.19976622773,34880433.03605361,-0.5075661540815624,123.28131592633144,-190.9242269636285,Aura,-0.6363985790600823
2024-06-17 08:06:47,0.7157939519390103,22031.34557468408,34887272.01828773,0.5836749893732618,3067.145808456349,2387.9242936449245,Aura,0.019606930415827506
2024-06-17 09:06:33,0.713907969018006,22441.82649022749,35022109.90116407,-0.26348125964117397,410.4809155434086,-86.61684376361625,Aura,0.3864959197888984
2024-06-17 10:06:13,0.7109251290878195,22996.23192128685,34857917.92670888,-0.41781855079857655,554.4054310593601,35.06241339513174,Aura,-0.46882376566848016
2024-06-17 11:04:42,0.7098918062175471,23205.09202513579,34762434.12678406,-0.14534904281667815,208.86010384893962,-62.327190148579724,Aura,-0.2739228433711438
2024-06-17 12:01:51,0.7066793132040348,24202.97113155292,34715533.083863355,-0.45253276420095245,997.879106417131,377.7739204510106,Aura,-0.13491875381811402
2024-06-17 13:04:26,0.7055420200610242,22202.394817262943,34615319.2074937,-0.16093482881990306,-2000.5763142899777,-300.48283418549715,Aura,-0.2886715757109859
2024-06-17 14:02:43,0.7065203617932633,25627.64074709103,34714032.57117031,0.13866526789636513,3425.2459298280883,-271.21296025359266,Aura,0.2851724783610843
2024-06-17 15:02:32,0.708847472172502,27863.18539066704,34807450.358040385,0.329376265014103,2235.5446435760095,-34.733309976133285,Aura,0.26910669821649247
2024-06-17 16:02:43,0.7050117407885987,27681.76374791057,34725775.76534723,-0.5411222490710688,-181.42164275647156,-108.11532184238857,Aura,-0.23464686971618187
2024-06-17 17:02:27,0.7079428404012128,27537.486164601767,34614073.081773765,0.4157518865338883,-144.2775833088017,-20.473885520665025,Aura,-0.321670808244201
2024-06-17 18:10:06,0.711302193600455,29419.09658392269,34889309.516071446,0.47452322525620705,1881.6104193209212,-1404.1599229546653,Aura,0.7951576043866648
2024-06-17 19:10:12,0.7180622882953346,23141.14549341485,35001576.16611358,0.9503829393048058,-6277.951090507839,-433.64776396027656,Aura,0.32177951240455194
2024-06-17 20:00:27,0.7186977175732159,39955.54926580553,34942561.14858662,0.08849222250479905,16814.40377239068,-367.8326659443682,Aura,-0.16860674287031419
2024-06-17 21:00:35,0.7125710090300234,40686.73937573496,35001479.683745615,-0.8524736329872051,731.1901099294264,-95.65140625961389,Aura,0.16861538828951694
2024-06-17 22:04:35,0.710314968847713,40702.70683478901,34851324.63091974,-0.3166056650805049,15.967459054052597,-97.81623700358942,Aura,-0.42899630010672096
2024-06-17 23:02:28,0.7085842716387516,40652.82996459868,34752486.403177075,-0.24365208180378017,-49.87687019033183,-412.3657309625159,Aura,-0.2835996301126964
2024-06-18 00:03:03,0.7104705482539657,43572.01796150301,34826946.36315227,0.2662035682575503,2919.1879969043293,-5952.789049843362,Aura,0.21425793570957197
2024-06-18 01:03:36,0.6985311811505828,42630.76893214541,34277652.357351325,-1.6804872675897475,-941.2490293575975,-132.24352218342054,Aura,-1.5772097848409494
2024-06-18 02:08:29,0.6956990636342987,42306.32720733635,34139997.32928954,-0.40543895429537846,-324.44172480906127,-65.53072410279215,Aura,-0.40158826114082835
2024-06-18 03:08:34,0.701296143541514,42443.32448741117,34276084.22909417,0.80452600841181,136.9972800748219,-142.2255430171464,Aura,0.39861426611149664
2024-06-18 04:08:39,0.6945130679555374,46414.95902917768,34338758.74027928,-0.9672198611734073,3971.634541766507,2799.060871571592,Aura,0.18285201648533533
2024-06-18 05:07:54,0.6917601016793743,43133.66586015376,33945445.35429629,-0.3963879735577991,-3281.29316902392,-182.61820503667144,Aura,-1.1453919722544725
2024-06-18 06:08:37,0.7035596394437391,50074.76989291161,34500597.28474232,1.7057268460148656,6941.104032757852,-311.5356255967402,Aura,1.6354239122562175
2024-06-18 07:01:45,0.6909428672214408,51172.388736268615,33946062.87711031,-1.7932768616849004,1097.618843357006,-84.18668214484464,Aura,-1.6073182822178178
2024-06-18 08:07:10,0.6924149404014787,48821.14621695764,33982848.15538172,0.21305280796335424,-2351.242519310974,-314.2130242698667,Aura,0.10836390188921907
2024-06-18 09:11:15,0.6931087873072084,48739.2413019324,33997921.45707517,0.10020680739895038,-81.90491502523946,-96.51652628971505,Aura,0.04435561617595063
2024-06-18 10:02:51,0.691654110769856,51284.26357875759,33979286.848408766,-0.2098770876941214,2545.0222768251915,-3207.288831251371,Aura,-0.054811023344270016
2024-06-18 11:02:40,0.686784064194744,51257.58227848716,33703747.63421374,-0.704115901182345,-26.681300270429347,-101.04837197353389,Aura,-0.8109034642907242
2024-06-18 12:03:25,0.6848178416201653,50483.94595783461,33566561.10607746,-0.28629414645549023,-773.6363206525566,2799.5450476975852,Aura,-0.40703642106854065
2024-06-18 13:09:05,0.6799783265952553,49289.01780942249,33444692.52898002,-0.7066864691288699,-1194.9281484121166,54.4560559675124,Aura,-0.36306542309267886
2024-06-18 14:04:42,0.6789996664154783,51393.91813642601,33323673.513115834,-0.14392520195125602,2104.9003270035173,-276.15287829654187,Aura,-0.3618481938780671
2024-06-18 15:01:29,0.6814038623195745,50008.18955691214,33633994.495578624,0.35407909944762395,-1385.7285795138669,-165.8334535719587,Aura,0.9312328136351855
2024-06-18 16:01:50,0.6796019361740978,56213.36216477797,33455118.250964947,-0.2644431951622228,6205.172607865832,-547.791342374038,Aura,-0.5318316997322214
2024-06-18 17:01:57,0.689586223844561,59296.53832007407,33874539.324326284,1.469137614096705,3083.176155296096,-50.31280594212988,Aura,1.2536828302773584
